139.8 -65.4 6.66328551997 
-24.6 10.2 6.24861979576 
-150.6 -165.0 6.52115768805 
1.8 -127.8 6.40043170579 
-169.8 -97.8 6.74160708877 
61.8 -85.8 6.71265981869 
99.0 -89.4 6.43152287053 
1.8 -73.8 6.57550994853 
-66.6 -25.8 6.21135443681 
95.4 -167.4 6.76277159115 
160.2 130.2 6.9653774294 
-99.0 11.4 6.57515889362 
-93.0 -124.2 6.60909495307 
75.0 -72.6 6.03148325413 
84.6 -37.8 6.58636823422 
-90.6 31.8 6.39407128796 
-76.2 3.0 6.18395886395 
-99.0 47.4 6.33899630915 
-63.0 -131.4 6.30278177695 
99.0 75.0 6.0311660924 
-137.4 -69.0 6.28818754252 
161.4 35.4 6.73199054276 
113.4 135.0 6.21665477982 
-168.6 12.6 6.91427588865 
-67.8 111.0 6.08778808482 
-69.0 40.2 6.33759605231 
-51.0 83.4 6.10686978298 
108.6 18.6 5.94628192934 
-175.8 135.0 7.05638845684 
142.2 47.4 6.46751420366 
-53.4 41.4 6.21651517392 
-10.2 -125.4 5.86640966796 
126.6 111.0 6.39831587447 
24.6 126.6 6.19561318273 
-179.4 -83.4 6.85239271912 
175.8 124.2 7.45622377263 
67.8 -73.8 6.47265256309 
-73.8 166.2 6.73172670939 
-177.0 10.2 7.59835780976 
-59.4 -35.4 5.97858177896 
79.8 -162.6 6.50705035782 
-179.4 -121.8 6.95985553861 
-18.6 148.2 6.13277329584 
114.6 178.2 7.09993221601 
71.4 -18.6 6.49186122223 
87.0 149.4 6.41931805814 
114.6 -45.0 6.20308596539 
3.0 87.0 6.39601399788 
137.4 173.4 6.72189229713 
96.6 -52.2 6.05687538609 
-82.2 -143.4 6.64314368708 
-131.4 -154.2 6.08250747912 
-131.4 -58.2 6.1128830412 
-148.2 -89.4 6.24628102596 
-133.8 -154.2 6.11681212979 
87.0 142.2 6.45985437071 
-142.2 -89.4 6.29605988619 
-137.4 -67.8 6.27622454952 
-43.8 -105.0 6.00167984637 
-9.0 -1.8 6.42474827649 
-139.8 -154.2 6.40568233007 
-39.0 -115.8 6.17781765892 
109.8 -119.4 6.1995913235 
112.2 49.8 5.93853990666 
-85.8 1.8 6.46249162634 
-125.4 -82.2 6.2730877675 
-135.0 60.6 6.17961303102 
-124.2 -87.0 6.39357472038 
115.8 96.6 5.9357918577 
39.0 157.8 6.2237840597 
174.6 -131.4 7.39970392049 
145.8 161.4 6.58361341251 
-34.2 69.0 6.34684229708 
-11.4 63.0 5.94472149201 
-13.8 34.2 6.46599410943 
67.8 45.0 6.03076753213 
-60.6 130.2 6.57801954 
-147.0 169.8 7.05447529402 
58.2 -71.4 6.44101694939 
22.2 -100.2 6.21851673764 
-94.2 -171.0 6.80138642728 
149.4 -73.8 6.44856307807 
-30.6 -175.8 7.67146839253 
178.2 142.2 7.04658196952 
154.2 -129.0 6.2372450127 
65.4 162.6 6.3017418996 
76.2 149.4 6.54840776806 
-77.4 7.8 5.98797103182 
118.2 -87.0 6.52242996126 
-42.6 -17.4 6.46528124213 
100.2 161.4 6.19019556195 
35.4 -54.6 6.17245204728 
1.8 -114.6 6.52196144173 
160.2 59.4 6.72438092959 
-174.6 173.4 8.2270367822 
89.4 172.2 7.15954516844 
-51.0 65.4 6.08974885848 
-112.2 -150.6 6.08642017767 
-60.6 61.8 5.81394080392 
-55.8 177.0 7.35195153811 
-167.4 88.2 6.75319275041 
48.6 -3.0 6.21135443681 
-60.6 94.2 6.39601399788 
-154.2 -75.0 6.2880277145 
60.6 -132.6 6.18121743262 
28.2 179.4 7.23949804673 
130.2 78.6 6.2132201637 
131.4 162.6 6.3017418996 
49.8 -85.8 6.72659312478 
-47.4 99.0 5.87192806157 
18.6 40.2 6.16830266704 
148.2 55.8 6.6116100388 
-174.6 112.2 7.14768191268 
148.2 -90.6 6.29714120898 
-5.4 163.8 6.11570645582 
-139.8 127.8 6.50066533069 
113.4 132.6 6.14299022377 
149.4 -46.2 6.31437000884 
75.0 -82.2 6.21868972972 
37.8 58.2 6.2565198046 
-31.8 11.4 6.33877163062 
-123.0 -173.4 6.48999331904 
-67.8 10.2 6.33011980807 
165.0 -34.2 6.98243609582 
175.8 129.0 7.48378794407 
-133.8 178.2 7.19658399959 
93.0 166.2 6.3541853796 
-159.0 138.6 5.99656228017 
-125.4 -177.0 7.08578396352 
-102.6 113.4 6.46097482188 
111.0 -47.4 5.9357918577 
23.4 -121.8 6.41038205126 
150.6 -53.4 6.48100359904 
11.4 -137.4 6.85549187776 
79.8 101.4 6.50680963671 
36.6 49.8 6.02312847589 
-81.0 57.0 6.19411123541 
12.6 -112.2 6.50891839166 
-82.2 -17.4 6.18026067153 
-71.4 19.8 6.46977071782 
-111.0 -73.8 6.55598763652 
-133.8 -105.0 6.05395558455 
-106.2 -88.2 6.54761491381 
-41.4 45.0 6.26296605482 
121.8 47.4 6.28687040659 
-175.8 88.2 7.12827818505 
-99.0 75.0 5.99038029112 
93.0 88.2 6.24545824062 
-109.8 70.2 6.15871070332 
9.0 -175.8 7.81334303805 
133.8 137.4 6.62480282104 
7.8 -87.0 6.37419168993 
-19.8 -63.0 6.32438106189 
147.0 168.6 6.08482743686 
-46.2 -179.4 6.69744336436 
-23.4 161.4 6.08348305085 
-89.4 171.0 6.60190190062 
118.2 -119.4 5.59797275293 
147.0 -174.6 7.20705123212 
-13.8 75.0 5.74346021428 
-21.0 161.4 6.59569003812 
75.0 133.8 6.08690836618 
11.4 135.0 6.22540412133 
1.8 149.4 6.44013892022 
-29.4 -7.8 6.12946366249 
54.6 -33.0 6.60913247766 
-69.0 -150.6 6.50478057376 
160.2 37.8 6.04154675666 
-65.4 155.4 6.6405749787 
69.0 -101.4 6.6601370797 
-113.4 -169.8 6.54606976378 
99.0 -54.6 6.19437616887 
28.2 -126.6 6.33786544406 
-94.2 -78.6 5.84373921124 
-96.6 166.2 6.28472686355 
13.8 82.2 6.65883807628 
-43.8 168.6 6.94869157321 
-48.6 -114.6 6.27107415817 
-120.6 30.6 6.22605451298 
-43.8 49.8 6.2868257576 
-76.2 -172.2 6.88265081765 
-82.2 123.0 6.00761178932 
-155.4 59.4 5.88133516424 
-166.2 162.6 7.413064312 
-131.4 -109.8 6.33588991556 
70.2 -153.0 6.71064012089 
167.4 33.0 6.42540988185 
-87.0 -61.8 6.25249475495 
85.8 156.6 6.17030512694 
53.4 111.0 6.38160597067 
78.6 -18.6 6.27432404146 
117.0 -159.0 6.59388855878 
130.2 -179.4 6.89939395338 
127.8 179.4 6.80387096832 
-57.0 -163.8 6.35555846361 
-167.4 101.4 6.8265449994 
85.8 -39.0 6.30638353478 
167.4 -51.0 6.697500844 
-7.8 34.2 6.14808407659 
-71.4 6.6 6.24446095115 
-25.8 15.0 6.60141241957 
102.6 -175.8 6.86115089917 
-115.8 75.0 5.88635415348 
51.0 -16.2 6.66312056717 
-15.0 79.8 6.04066382797 
21.0 -143.4 6.59724580143 
-162.6 21.0 6.48689774426 
-39.0 120.6 6.21301751458 
-157.8 65.4 6.00809059853 
-67.8 -159.0 6.4622800461 
46.2 118.2 6.29840557549 
-72.6 -29.4 6.26648506875 
-124.2 178.2 7.12958721811 
-82.2 141.0 6.43736791219 
22.2 -145.8 6.89017048691 
-22.2 -13.8 6.49204154798 
-155.4 168.6 6.73913116702 
-120.6 -150.6 6.14509358175 
-119.4 -165.0 6.22520182248 
137.4 -113.4 5.9799046099 
55.8 142.2 6.05377652442 
-63.0 137.4 6.46599410943 
-112.2 -154.2 5.95918533417 
-101.4 127.8 6.41909300166 
-117.0 -66.6 6.51827518955 
-109.8 -31.8 6.48434984415 
1.8 174.6 6.91926214164 
-178.2 171.0 7.87711234474 
-155.4 -159.0 6.3777370255 
-121.8 -1.8 6.11930703389 
-83.4 139.8 6.46733538859 
143.4 -179.4 6.78734187545 
-58.2 105.0 6.30227681247 
67.8 -131.4 6.19463381159 
-151.8 47.4 6.43133033774 
76.2 -75.0 5.95766568233 
-143.4 -115.8 6.00187940953 
-157.8 -124.2 5.98706432374 
31.8 151.8 5.96694473299 
151.8 47.4 6.56801306315 
139.8 101.4 5.98797103182 
-15.0 150.6 5.87383068205 
138.6 -19.8 6.37061116943 
-155.4 171.0 7.14910390965 
-64.2 53.4 6.07646984681 
-28.2 67.8 6.24096921662 
139.8 75.0 6.3864062309 
95.4 165.0 6.72559258791 
137.4 -143.4 6.49082848594 
-141.0 -81.0 6.58793932394 
7.8 -157.8 7.09346718961 
-25.8 -93.0 6.64125332766 
120.6 163.8 6.31443591048 
-21.0 81.0 6.08945512771 
95.4 -149.4 6.40344897637 
-4.2 -67.8 6.58311652515 
-84.6 154.2 5.93671859679 
94.2 -76.2 6.51352385275 
96.6 -51.0 6.25451128701 
1.8 -94.2 6.27273276726 
-27.0 150.6 6.28145049145 
127.8 149.4 6.37077640532 
-159.0 -63.0 6.42474913153 
171.0 76.2 6.79198857894 
-66.6 154.2 6.33012256336 
-47.4 105.0 6.13001192703 
121.8 -145.8 6.55288372753 
-72.6 -24.6 6.32884970902 
-36.6 -162.6 6.75159796739 
137.4 -175.8 7.59635388555 
-165.0 21.0 7.01444702451 
-48.6 -73.8 6.04819986201 
47.4 -169.8 7.02183397634 
-148.2 -139.8 6.33012256336 
25.8 -161.4 7.13577090138 
-46.2 135.0 6.31989630613 
94.2 93.0 6.15070191023 
124.2 151.8 6.22086465448 
-118.2 171.0 6.37898963324 
-144.6 63.0 6.21084260651 
-55.8 28.2 6.23578393181 
-162.6 108.6 6.59258568032 
30.6 157.8 6.26078856833 
-35.4 -93.0 6.33844414606 
45.0 1.8 5.93354290356 
161.4 148.2 6.48100721071 
115.8 -36.6 6.38828514496 
-153.0 87.0 6.3467699574 
-87.0 137.4 6.5482292471 
119.4 -99.0 6.09604094603 
84.6 133.8 6.17950027283 
49.8 87.0 6.55241023155 
-147.0 -121.8 6.32812062942 
-100.2 -125.4 6.41370145004 
70.2 10.2 6.26684976772 
-129.0 171.0 6.71976880467 
21.0 130.2 6.16121738002 
-83.4 -37.8 6.16620624194 
65.4 -165.0 6.2428616313 
-141.0 132.6 6.64114097182 
-70.2 -171.0 6.83368531692 
45.0 157.8 6.09925862922 
54.6 120.6 6.25277159657 
-84.6 33.0 6.39385295839 
-33.0 -81.0 6.58614809604 
153.0 142.2 6.61414598737 
-16.2 175.8 7.50583050728 
156.6 25.8 6.49608138755 
-81.0 118.2 6.31130898032 
-9.0 105.0 6.42609145312 
45.0 59.4 6.50808958213 
13.8 75.0 6.32330928589 
-156.6 -156.6 6.205740009 
76.2 179.4 6.89939395338 
-162.6 -179.4 6.94122175861 
-143.4 114.6 6.46920003906 
-64.2 162.6 6.78346029573 
65.4 106.2 6.49270260865 
-35.4 -77.4 6.47397993131 
-94.2 -12.6 6.24725389066 
-83.4 -85.8 6.62525781565 
-71.4 -18.6 6.33444962759 
-16.2 178.2 7.16823669926 
129.0 53.4 6.39601399788 
-101.4 -155.4 6.50507163085 
-103.8 7.8 6.14911881129 
118.2 -58.2 6.22468151837 
177.0 102.6 7.16908729198 
3.0 -10.2 6.67559076542 
107.4 -107.4 6.14947837352 
119.4 -63.0 6.65816414221 
67.8 -112.2 6.49336928261 
161.4 -169.8 7.91134120097 
-106.2 99.0 6.38630979239 
-84.6 118.2 6.31836315254 
151.8 63.0 6.3823005898 
47.4 -148.2 6.28416260686 
-142.2 93.0 6.40678796712 
154.2 -48.6 6.34017327412 
58.2 -6.6 6.46795603437 
15.0 59.4 6.18574486417 
-47.4 40.2 6.40689562689 
-31.8 -23.4 6.32431333215 
-69.0 84.6 6.47406277674 
173.4 -12.6 7.08659585881 
-69.0 -59.4 6.35575626005 
138.6 103.8 5.93348595457 
-126.6 -19.8 6.44790284373 
75.0 -167.4 6.48928765267 
-106.2 -106.2 5.90223341106 
-107.4 126.6 6.78362530829 
-148.2 -160.2 6.30392019096 
23.4 -173.4 7.64039413892 
143.4 -66.6 6.53180610874 
-99.0 23.4 6.36845217499 
69.0 -121.8 5.31114900324 
-61.8 179.4 7.06013152995 
52.2 11.4 6.23797322439 
143.4 6.6 6.30550915327 
-160.2 -142.2 6.04427430627 
-118.2 57.0 5.8493152346 
21.0 177.0 7.38505850473 
-78.6 -159.0 5.94413060499 
-177.0 174.6 7.99589552359 
35.4 -112.2 6.47063943911 
-47.4 -17.4 6.21706174646 
29.4 -70.2 6.55338850964 
35.4 -36.6 6.36431411713 
-95.4 -45.0 6.23660865743 
-155.4 -153.0 6.21101004223 
-160.2 73.8 6.3919819504 
-25.8 -178.2 7.30490172073 
153.0 107.4 6.40183695669 
-114.6 -115.8 6.29020614498 
-33.0 52.2 6.03561507179 
-160.2 145.8 6.7299364706 
-125.4 91.8 6.44746496031 
-114.6 -39.0 6.43915648911 
-100.2 -31.8 6.70415745597 
-34.2 -5.4 6.13018768974 
-87.0 -111.0 6.57468963144 
-37.8 -42.6 6.19341215902 
-168.6 -162.6 7.38612174386 
-129.0 -24.6 5.99908323705 
35.4 72.6 6.50100860369 
-90.6 87.0 6.06833544798 
-16.2 -117.0 6.07120792386 
58.2 -127.8 6.1973578254 
73.8 -118.2 5.60399402842 
-138.6 143.4 6.66283262984 
-24.6 16.2 6.39028960354 
-112.2 157.8 6.46932911579 
-162.6 -168.6 7.71379811111 
45.0 33.0 6.16908737093 
-87.0 162.6 6.18134597875 
-151.8 21.0 6.44796730311 
19.8 148.2 6.47702531766 
138.6 123.0 6.31022319078 
71.4 -70.2 6.52887973414 
54.6 27.0 6.24635917164 
-123.0 -60.6 6.22468151837 
-19.8 64.2 5.86605177895 
-77.4 57.0 5.99542389938 
130.2 -121.8 5.69185599814 
-114.6 -171.0 6.8376181526 
-155.4 65.4 6.53937022227 
46.2 -15.0 6.38849185139 
-178.2 130.2 6.86537471239 
49.8 -147.0 6.39578756073 
-76.2 113.4 6.44315962223 
28.2 121.8 6.22520182248 
83.4 -73.8 6.22513887511 
-57.0 -143.4 6.41370876658 
-111.0 -114.6 5.94407989194 
48.6 108.6 6.42493597378 
-6.6 -135.0 6.65101019341 
163.8 -78.6 6.5541671412 
-172.2 -126.6 7.18254065339 
25.8 125.4 6.07747876589 
-54.6 -67.8 6.33078353377 
99.0 -148.2 6.29181894897 
-75.0 118.2 6.5081021376 
19.8 -21.0 6.56993947891 
41.4 -37.8 6.20423225982 
178.2 9.0 6.9532185062 
65.4 139.8 6.26523789359 
167.4 -154.2 6.39732357029 
-66.6 -178.2 6.96418747647 
-39.0 -121.8 6.43240089959 
136.2 -115.8 6.03099460993 
101.4 46.2 6.21784121307 
91.8 -103.8 5.97271875504 
-150.6 -70.2 5.96472445082 
173.4 1.8 7.08523611311 
-178.2 105.0 7.10988250125 
-3.0 -118.2 5.65772259352 
175.8 145.8 7.57594540747 
167.4 9.0 6.16857202295 
31.8 25.8 6.38652347084 
101.4 -36.6 5.90223341106 
155.4 90.6 6.30423927261 
-41.4 111.0 6.14427874827 
15.0 -96.6 6.52467866255 
-30.6 -131.4 6.43610927438 
-72.6 47.4 6.30684007471 
142.2 -65.4 6.45985882414 
-15.0 76.2 5.8398687708 
34.2 -121.8 6.7273199784 
29.4 161.4 6.89542471883 
-19.8 -43.8 6.23621631474 
43.8 83.4 6.46826726116 
-82.2 163.8 6.71893093564 
131.4 102.6 6.26684976772 
-59.4 -0.6 6.45795194806 
165.0 11.4 6.58278990502 
168.6 -25.8 6.97321899702 
63.0 67.8 6.57061018843 
-153.0 -178.2 7.0798314127 
54.6 125.4 6.01583456537 
114.6 52.2 6.08236560195 
137.4 149.4 6.36608622841 
73.8 70.2 6.1184386557 
166.2 -148.2 6.73746913451 
129.0 46.2 6.47926583303 
88.2 -51.0 6.03148325413 
-132.6 -21.0 6.39008737921 
-67.8 108.6 6.57087119361 
-149.4 137.4 6.44227175503 
-59.4 52.2 6.30075958648 
-175.8 -99.0 7.51834670807 
136.2 21.0 6.52627555375 
115.8 60.6 6.20978972507 
171.0 89.4 6.96923094029 
65.4 94.2 6.60731146714 
-4.2 133.8 6.23789583336 
17.4 157.8 5.95129604423 
-73.8 -52.2 6.0246693646 
83.4 114.6 6.46405404073 
-115.8 78.6 5.95333737355 
-19.8 -52.2 6.39093285825 
161.4 -57.0 6.58879250752 
-3.0 -163.8 6.96672528034 
-5.4 21.0 6.57777834319 
21.0 85.8 6.41837447265 
60.6 -49.8 6.22938501883 
-30.6 -82.2 6.69308824114 
7.8 100.2 6.39114726992 
160.2 -112.2 6.27354816415 
-29.4 -143.4 6.65824329113 
-127.8 102.6 6.3748753628 
-58.2 -120.6 6.30668648052 
16.2 16.2 6.42564591292 
-112.2 85.8 6.21410214222 
129.0 -37.8 6.15312504633 
147.0 -33.0 6.33721795869 
-61.8 -66.6 6.43020885356 
46.2 9.0 5.99982587188 
-73.8 -27.0 6.37289822729 
-29.4 93.0 5.96923912033 
39.0 66.6 6.42586514437 
-65.4 69.0 6.34136666755 
101.4 -7.8 6.55062148122 
-149.4 119.4 6.35188584458 
-91.8 -4.2 6.23216420973 
49.8 -54.6 5.99059960282 
103.8 -47.4 6.0354742246 
-114.6 64.2 5.90155846741 
13.8 -51.0 6.26523789359 
148.2 89.4 6.1347117193 
109.8 -12.6 6.65042195028 
-154.2 -97.8 6.51578650384 
-107.4 -101.4 6.25781941063 
89.4 52.2 6.27950539376 
123.0 -124.2 5.70907807732 
-51.0 -34.2 5.98706432374 
-153.0 -58.2 6.2374089677 
-165.0 49.8 6.90734343024 
-47.4 -84.6 5.73027718565 
-96.6 29.4 6.45501458177 
96.6 -84.6 6.4686149007 
143.4 -96.6 6.18920628352 
9.0 15.0 6.45905428769 
82.2 -87.0 6.63474405839 
-60.6 114.6 6.27107415817 
-60.6 -154.2 5.64002301642 
31.8 137.4 6.53844372342 
-84.6 -42.6 6.14808407659 
73.8 -48.6 6.14601180531 
97.8 -144.6 6.38906762556 
114.6 -136.2 6.61066732196 
84.6 -40.2 6.15346467287 
81.0 -132.6 6.01175623932 
-127.8 17.4 6.35093482777 
87.0 97.8 6.24662374131 
160.2 -179.4 6.80657986931 
46.2 -117.0 6.36888338 
-167.4 -100.2 6.7402987353 
154.2 -25.8 6.94998567449 
81.0 -81.0 6.39578756073 
121.8 129.0 6.1984249861 
76.2 -108.6 6.43020885356 
-103.8 -78.6 6.30687967553 
23.4 39.0 6.13056770377 
115.8 13.8 6.2029889226 
-69.0 15.0 6.11791961917 
109.8 28.2 6.18213250063 
96.6 -113.4 5.87210810569 
-148.2 -166.2 6.30956372898 
-76.2 -77.4 6.49080298601 
53.4 -51.0 6.16338199325 
-103.8 151.8 6.28818754252 
-28.2 58.2 6.18333080263 
162.6 -139.8 5.93642660386 
-105.0 -135.0 6.40035020007 
78.6 19.8 6.21473052262 
53.4 -91.8 6.5911553648 
58.2 87.0 6.32105832574 
76.2 150.6 6.41545784171 
-57.0 132.6 6.21246314569 
179.4 93.0 6.95614725489 
161.4 45.0 6.83310610263 
45.0 -54.6 5.89872690695 
-178.2 64.2 7.19424207874 
-148.2 -97.8 6.29408216692 
-58.2 144.6 6.64707756442 
145.8 72.6 6.24359290556 
-117.0 46.2 6.60113873894 
9.0 142.2 6.45996674055 
114.6 -142.2 6.47086718042 
40.2 -61.8 6.420662651 
15.0 114.6 6.1403925913 
157.8 -147.0 6.4771778391 
71.4 -148.2 6.49058770224 
59.4 133.8 6.20076710592 
87.0 73.8 6.16539513892 
-131.4 40.2 6.31297210159 
17.4 171.0 7.1116478273 
172.2 137.4 6.66869569239 
-41.4 -61.8 6.26393316748 
-73.8 168.6 6.65516757646 
-28.2 144.6 6.29951209349 
-117.0 51.0 6.10956880838 
-27.0 -19.8 6.30392019096 
18.6 139.8 6.46922550331 
-45.0 -10.2 6.65631410116 
4.2 -3.0 6.37771587701 
123.0 -151.8 6.54606976378 
-101.4 154.2 5.95557236412 
40.2 -16.2 6.42728622779 
-76.2 -51.0 6.03911791608 
-157.8 -121.8 6.44147637195 
85.8 -82.2 6.22143947287 
91.8 -72.6 6.40530694156 
-169.8 9.0 6.83800267689 
-72.6 -73.8 6.5357798738 
-154.2 166.2 7.04097753725 
-58.2 -76.2 6.27522556712 
45.0 -37.8 6.33950613194 
-144.6 -58.2 6.41851883256 
-52.2 -77.4 6.11843327908 
-45.0 11.4 6.21101004223 
24.6 -99.0 6.64198169527 
174.6 27.0 7.11030953855 
-114.6 -88.2 6.00634795979 
179.4 -84.6 7.14432871412 
135.0 -91.8 6.29169470314 
-23.4 65.4 6.17452822405 
-118.2 -94.2 6.53613767546 
-97.8 -136.2 6.37734112241 
-160.2 72.6 6.25451168055 
79.8 -25.8 6.55635664795 
51.0 112.2 6.51514561323 
143.4 162.6 6.08019980599 
-30.6 -153.0 6.36588141937 
175.8 -58.2 7.04551357778 
-148.2 42.6 6.61999995667 
175.8 24.6 7.53533202756 
-135.0 -139.8 6.12612929307 
5.4 -178.2 7.42211614177 
-102.6 -149.4 6.0296209358 
175.8 43.8 7.0971620206 
-167.4 121.8 6.24359290556 
-178.2 102.6 7.08513545554 
112.2 -40.2 6.33877163062 
124.2 72.6 6.31032709017 
6.6 -43.8 6.31130898032 
-171.0 -139.8 6.95787569715 
75.0 159.0 6.59735747992 
-97.8 -5.4 6.42728622779 
9.0 48.6 5.84373921124 
103.8 174.6 6.73203889726 
-34.2 88.2 6.25222000802 
-102.6 63.0 5.54560623043 
-177.0 142.2 7.1852068501 
171.0 81.0 6.74446141726 
64.2 -13.8 6.61486761129 
33.0 129.0 6.38350280503 
-22.2 -64.2 6.37898963324 
-136.2 -101.4 6.36745438222 
-167.4 -119.4 7.01415052006 
120.6 10.2 6.47705116188 
90.6 85.8 6.06343730253 
165.0 160.2 6.06951662347 
165.0 159.0 6.87078900881 
35.4 -59.4 6.2499557668 
-19.8 83.4 5.81212888718 
129.0 29.4 6.37018955157 
-49.8 -91.8 6.51816069945 
160.2 -84.6 6.48168239991 
102.6 -131.4 6.38863389058 
-106.2 -79.8 6.40681125049 
47.4 -24.6 6.47715620858 
147.0 76.2 6.354167517 
-90.6 57.0 6.19215689486 
126.6 39.0 6.45234019608 
-29.4 89.4 6.4290810694 
79.8 -154.2 6.67121687079 
-95.4 10.2 6.46823624915 
40.2 4.2 5.44984334859 
175.8 -83.4 7.41591529692 
111.0 153.0 6.3467699574 
65.4 -43.8 6.44315962223 
94.2 -24.6 6.21369245823 
-84.6 4.2 6.67357542692 
11.4 -177.0 7.65672060914 
-55.8 12.6 6.10123751058 
-94.2 71.4 6.15828325491 
142.2 169.8 6.51827518955 
175.8 -93.0 7.53533202756 
-11.4 0.6 6.15985602963 
37.8 15.0 6.52076881088 
33.0 -47.4 5.89723613951 
175.8 21.0 7.5065567224 
177.0 -84.6 7.47434355598 
97.8 105.0 6.03215478846 
178.2 11.4 7.05689128845 
163.8 99.0 6.58944485086 
75.0 19.8 6.24030384842 
51.0 -115.8 6.53429970789 
75.0 -64.2 5.95129604423 
48.6 -60.6 6.33721795869 
-28.2 119.4 6.41265438622 
-33.0 -51.0 6.38107406803 
-99.0 -83.4 6.29817431463 
-30.6 49.8 6.23656681726 
-131.4 5.4 6.38727822191 
-148.2 31.8 6.71471638696 
-65.4 -141.0 6.28014379861 
-3.0 151.8 6.36119465208 
87.0 55.8 6.34576192441 
46.2 -145.8 6.33012256336 
-3.0 91.8 6.1589908705 
-6.6 162.6 5.84373921124 
-145.8 -143.4 6.54593345076 
-19.8 -9.0 6.22742453349 
-113.4 -94.2 6.01510613984 
136.2 -33.0 6.32816520421 
-78.6 90.6 6.41252314158 
-147.0 151.8 6.61513559234 
7.8 43.8 5.96703604906 
120.6 -18.6 6.30638353478 
93.0 -126.6 6.26635826535 
33.0 -145.8 6.44435682481 
-11.4 -179.4 7.01797418847 
34.2 10.2 6.50214259625 
6.6 -161.4 6.94653299535 
21.0 -168.6 7.12804379481 
-100.2 -142.2 6.11181961991 
69.0 -144.6 6.46411854136 
-155.4 144.6 6.39893498007 
-126.6 -133.8 6.24293095093 
-81.0 -171.0 6.57405141666 
129.0 42.6 6.53983828044 
-1.8 -114.6 6.33379567789 
-35.4 91.8 5.91984982169 
125.4 76.2 5.86954703517 
43.8 -60.6 6.50037985831 
65.4 45.0 6.53066086221 
33.0 -173.4 7.15815404992 
-6.6 64.2 6.22364663558 
-114.6 78.6 5.82664477788 
79.8 52.2 6.24494500174 
37.8 119.4 6.41695785062 
-79.8 -71.4 6.48157125202 
-64.2 -141.0 6.22151813611 
61.8 79.8 6.40530694156 
-143.4 -13.8 5.97120477286 
-31.8 33.0 6.69035621101 
-57.0 -63.0 6.43114109646 
-67.8 0.6 6.25515372796 
-19.8 81.0 6.14548607926 
48.6 -97.8 6.78013508021 
167.4 41.4 6.48209715279 
149.4 130.2 6.33191883723 
-135.0 5.4 6.20076710592 
-6.6 135.0 6.28472686355 
49.8 167.4 6.71303044201 
-24.6 -121.8 6.5243912492 
117.0 107.4 6.23578393181 
-53.4 126.6 6.10268492212 
71.4 3.0 6.22151813611 
-177.0 17.4 7.576559061 
-131.4 173.4 7.24458756964 
-150.6 -96.6 6.50556446078 
-141.0 25.8 6.60066511785 
-120.6 -54.6 6.6993657878 
-142.2 37.8 6.67441615037 
-59.4 -54.6 6.27001863929 
-143.4 143.4 6.71893093564 
-45.0 48.6 6.20100647805 
165.0 -28.2 7.10264004312 
117.0 11.4 6.15346467287 
-47.4 -13.8 6.4077252013 
47.4 -57.0 6.43531839948 
82.2 -55.8 6.0885633401 
11.4 -84.6 6.62169299289 
103.8 -117.0 5.94063044048 
76.2 60.6 6.55260317577 
-59.4 75.0 6.42586514437 
71.4 108.6 6.48341736006 
-100.2 -9.0 6.420662651 
147.0 -3.0 6.05390013456 
7.8 -18.6 6.58803450915 
137.4 72.6 6.31086156615 
-37.8 -41.4 5.98706432374 
165.0 154.2 6.74445606368 
9.0 136.2 6.21473052262 
-113.4 -67.8 6.48072713228 
-77.4 -64.2 6.43016858319 
-48.6 -17.4 6.3727980425 
90.6 -168.6 6.2031354669 
99.0 45.0 6.33471208823 
88.2 143.4 6.30462939096 
159.0 25.8 6.39571709056 
-144.6 -66.6 6.09699002618 
-95.4 -100.2 6.25868023987 
64.2 -156.6 6.05687538609 
-29.4 -119.4 6.35922146909 
18.6 -66.6 6.50100860369 
109.8 91.8 5.83698627229 
-120.6 106.2 6.61048557331 
-9.0 177.0 7.39748093598 
-154.2 159.0 6.39232596458 
-27.0 -33.0 6.05869406127 
-60.6 -72.6 6.32131193368 
-5.4 3.0 6.5013606714 
-138.6 -131.4 6.113336014 
-119.4 18.6 6.58227636138 
-133.8 119.4 6.42716550298 
57.0 -159.0 6.0680137395 
-93.0 169.8 6.25112500547 
-126.6 -28.2 6.39831587447 
-70.2 133.8 6.57801954 
-175.8 -96.6 7.53110369495 
25.8 -5.4 6.32884970902 
43.8 35.4 6.12251490902 
37.8 -9.0 6.30867011116 
-12.6 -83.4 6.6949618522 
-72.6 -15.0 6.36922633583 
97.8 22.2 6.23660865743 
108.6 -130.2 6.12251490902 
-76.2 119.4 6.32131193368 
-115.8 16.2 6.44238986523 
-61.8 -149.4 6.39805802783 
48.6 -6.6 6.33189302958 
-76.2 -12.6 6.31703164399 
177.0 144.6 7.31156137574 
-1.8 -107.4 5.93348595457 
-148.2 174.6 7.646192357 
93.0 95.4 6.15193599291 
-163.8 -175.8 7.89163649267 
43.8 -23.4 6.33950613194 
-59.4 -90.6 6.28699594921 
-1.8 45.0 5.79474833551 
-58.2 5.4 6.64446562213 
27.0 149.4 6.13787477683 
172.2 25.8 7.10408246167 
33.0 31.8 6.30340664733 
-28.2 -157.8 6.24018570491 
-159.0 49.8 6.22468151837 
-111.0 123.0 6.13534850184 
-169.8 113.4 6.34033658842 
-69.0 132.6 6.51790043494 
-137.4 61.8 6.36165111846 
-35.4 118.2 6.22923356203 
-159.0 155.4 6.96998747763 
172.2 -16.2 6.96828498274 
139.8 77.4 6.24027510098 
-148.2 -19.8 6.35922146909 
-54.6 138.6 5.87192806157 
129.0 -54.6 6.58099635293 
41.4 81.0 6.6405749787 
-73.8 40.2 6.3422498026 
51.0 145.8 6.25206009848 
-137.4 12.6 6.15234020737 
-64.2 -46.2 6.04768004396 
-168.6 -100.2 6.10191529117 
-167.4 -148.2 6.66810493464 
120.6 126.6 6.39899578039 
-166.2 -73.8 6.59216087098 
100.2 -109.8 5.81891674899 
83.4 -101.4 6.31593806049 
-117.0 -19.8 6.35925579128 
121.8 -109.8 5.71970704523 
-75.0 48.6 6.50556446078 
-49.8 13.8 6.50003826315 
43.8 -161.4 6.4147547959 
-10.2 -7.8 6.37863955495 
-118.2 -160.2 6.04994421619 
99.0 -154.2 6.19178069332 
-71.4 102.6 6.12230783416 
-127.8 -172.2 6.43477350438 
-120.6 -94.2 6.48648124003 
115.8 79.8 5.85186921583 
-73.8 1.8 6.64327136594 
54.6 -101.4 6.7308781332 
94.2 -114.6 6.32976010394 
31.8 -93.0 6.76200284428 
-102.6 6.6 6.41586108601 
-79.8 -1.8 6.44135116935 
94.2 83.4 6.35410935283 
-81.0 -64.2 6.1777775877 
-161.4 18.6 6.54255597285 
34.2 59.4 6.18121143659 
-21.0 99.0 6.22864825198 
-106.2 89.4 6.33138049937 
19.8 46.2 6.354167517 
1.8 153.0 6.16352076108 
31.8 23.4 6.48893022017 
90.6 -82.2 6.38003704335 
58.2 79.8 6.66670716777 
1.8 -40.2 6.40958591239 
-73.8 -83.4 6.58073227565 
169.8 -95.4 6.67305179046 
0.6 155.4 6.2428616313 
-75.0 129.0 6.35652613234 
-84.6 -97.8 6.56369985953 
108.6 -125.4 6.15562413261 
117.0 -79.8 6.66871610147 
37.8 -37.8 6.42586514437 
161.4 105.0 5.97275163147 
-52.2 -105.0 5.89872690695 
93.0 -65.4 6.47707106397 
126.6 139.8 6.23570265483 
-75.0 -159.0 5.94043396871 
-27.0 179.4 7.00005282834 
177.0 79.8 7.22563108913 
106.2 83.4 5.81296890149 
-157.8 -24.6 6.58017356759 
120.6 -23.4 6.17701921855 
-71.4 -90.6 6.32386751825 
-36.6 -66.6 6.3441204147 
174.6 -28.2 7.1963955232 
-147.0 -106.2 6.3260490889 
35.4 167.4 6.49104456232 
163.8 121.8 6.38114797707 
-4.2 65.4 6.47121812936 
-33.0 -177.0 7.37095918421 
-12.6 -57.0 6.37410225012 
-10.2 -22.2 6.15372650059 
-35.4 24.6 6.56193302571 
-127.8 -126.6 6.46443466122 
96.6 167.4 6.28687040659 
107.4 11.4 6.72416344613 
-121.8 -142.2 5.83250811628 
109.8 -167.4 6.8498609402 
149.4 -131.4 5.96105559171 
-99.0 178.2 6.77826315061 
-137.4 -100.2 6.3205509062 
54.6 135.0 5.81901117362 
119.4 -60.6 6.50200977398 
171.0 -167.4 7.65788426731 
-156.6 126.6 6.19349681941 
-37.8 174.6 7.16235937028 
45.0 6.6 6.44723582622 
55.8 -6.6 6.10268492212 
59.4 -166.2 6.43067229622 
78.6 -108.6 6.71041511369 
78.6 -113.4 6.57975829794 
67.8 -160.2 6.11040698536 
53.4 -138.6 6.21850165185 
179.4 54.6 6.9782606775 
40.2 -25.8 6.20784064588 
10.2 -114.6 6.57225583528 
-0.6 13.8 6.39893498007 
33.0 96.6 6.14292671552 
-151.8 -89.4 6.19341215902 
-101.4 118.2 6.49036337055 
-39.0 105.0 6.30571281197 
175.8 -81.0 7.56045473624 
-105.0 -105.0 6.09291629494 
161.4 83.4 6.68300104787 
13.8 147.0 6.28424345327 
161.4 -120.6 6.45285133031 
36.6 138.6 6.30153511123 
-125.4 -102.6 6.17796457795 
169.8 162.6 7.33479137861 
165.0 -18.6 6.39008737921 
-9.0 -67.8 6.82998687852 
34.2 -139.8 6.67188852007 
-89.4 -37.8 6.5132834899 
101.4 -15.0 6.45880105698 
160.2 -18.6 6.46516189136 
-94.2 49.8 6.14410767267 
87.0 -156.6 6.46977071782 
153.0 105.0 6.29906091637 
-55.8 30.6 6.1698017866 
-89.4 -147.0 6.25471989461 
-120.6 111.0 6.61064850968 
125.4 125.4 6.3854570237 
-151.8 -5.4 5.9426324804 
-113.4 11.4 6.48100721071 
-69.0 -4.2 6.24726616808 
-144.6 87.0 6.27086061624 
157.8 -19.8 5.99648053441 
58.2 -67.8 6.54400128691 
-127.8 175.8 7.56051758016 
-42.6 112.2 5.99908323705 
-5.4 173.4 7.16186706144 
90.6 -12.6 6.36522037452 
37.8 69.0 6.49188398649 
64.2 -112.2 6.55856912847 
-89.4 175.8 7.42700936604 
-77.4 175.8 7.43040944305 
-11.4 107.4 6.36095592612 
-48.6 46.2 6.25112500547 
-95.4 -117.0 6.20591225376 
18.6 21.0 6.37734112241 
-160.2 31.8 6.90404259644 
143.4 -166.2 7.11190112848 
35.4 149.4 6.23037500095 
-119.4 143.4 6.72633103632 
143.4 1.8 6.26794807421 
-155.4 -142.2 6.06494461128 
115.8 -60.6 6.24725389066 
-75.0 -4.2 6.35545404181 
-66.6 -10.2 6.48341736006 
-174.6 -22.2 7.4022259996 
133.8 -171.0 6.90577254979 
-145.8 -77.4 6.38806551463 
-177.0 113.4 7.16186706144 
54.6 174.6 7.00444522166 
102.6 127.8 6.19039644113 
69.0 5.4 6.34982146681 
-154.2 71.4 5.93642660386 
161.4 -76.2 6.33444962759 
-111.0 -117.0 6.04958921594 
91.8 102.6 5.90150098777 
-48.6 11.4 6.41486379654 
-166.2 105.0 6.73816430334 
79.8 -148.2 6.41818313328 
-172.2 52.2 7.04040332775 
49.8 -19.8 6.64167845439 
73.8 -52.2 6.20804545492 
-143.4 -46.2 6.33642745759 
-73.8 -31.8 6.40887025286 
-155.4 -147.0 6.12134460002 
-121.8 79.8 6.25112500547 
-162.6 -106.2 6.96194806384 
-58.2 130.2 6.27534576746 
163.8 161.4 7.16053121648 
112.2 84.6 5.78176004057 
163.8 -119.4 6.28592787679 
-165.0 -173.4 7.00727841092 
75.0 -102.6 6.493411189 
-25.8 87.0 6.21081432116 
57.0 -149.4 6.25781941063 
-95.4 94.2 6.07839686513 
-114.6 49.8 6.22520182248 
23.4 154.2 6.00562126145 
-119.4 -130.2 6.2152154428 
163.8 151.8 6.66410976453 
-3.0 -25.8 6.41846700964 
-57.0 -19.8 6.63306045436 
-77.4 -28.2 6.19449367083 
113.4 -37.8 6.32386751825 
54.6 99.0 6.52528950571 
21.0 58.2 6.24293095093 
57.0 -103.8 6.53624951251 
-29.4 -157.8 6.20583664127 
89.4 13.8 6.44704971589 
-174.6 90.6 7.27782423656 
145.8 91.8 5.97858177896 
18.6 -178.2 7.61104475524 
-36.6 10.2 6.61932334614 
-94.2 -18.6 6.31288389585 
87.0 -18.6 6.20804545492 
113.4 12.6 6.29801216604 
-109.8 119.4 6.63273202733 
-148.2 96.6 6.2565198046 
-17.4 -58.2 6.49342603029 
93.0 142.2 6.35809540197 
65.4 -151.8 6.30658931066 
-93.0 -135.0 6.52570744167 
-121.8 -125.4 6.33901151077 
151.8 95.4 6.36748550401 
0.6 -124.2 6.58467109377 
161.4 107.4 6.05698428572 
-133.8 22.2 6.74884676664 
178.2 -72.6 7.27632942827 
99.0 37.8 6.41448081132 
117.0 96.6 6.13332582513 
-106.2 174.6 7.0034463731 
-28.2 -34.2 6.06833544798 
19.8 42.6 6.01823802738 
41.4 10.2 6.19561318273 
150.6 -156.6 6.12748918646 
17.4 126.6 5.91045192884 
-39.0 -48.6 6.06494461128 
-21.0 100.2 6.22122847512 
53.4 27.0 6.32834627993 
22.2 167.4 6.29390625418 
-118.2 119.4 6.46083716035 
-135.0 -161.4 6.77650313265 
-165.0 -105.0 6.68882467981 
169.8 -173.4 8.13936275401 
-85.8 -127.8 6.55248584404 
143.4 -156.6 6.60144958292 
-28.2 -143.4 6.46457384789 
-79.8 -57.0 6.44157728534 
47.4 94.2 6.81699275865 
-178.2 115.8 6.97778684433 
129.0 -105.0 5.60553684035 
119.4 77.4 6.33844414606 
-115.8 151.8 6.79075209582 
-51.0 -69.0 6.28444222222 
81.0 -27.0 6.61803527182 
79.8 -175.8 7.48501357708 
-53.4 -94.2 6.18178895606 
-113.4 -126.6 6.21603887174 
9.0 102.6 6.41486379654 
-13.8 -27.0 6.41729975838 
135.0 -172.2 7.11831911913 
69.0 173.4 7.16813581587 
-27.0 -5.4 6.38014300341 
-166.2 61.8 6.76780946116 
63.0 142.2 6.39426253584 
-136.2 51.0 6.20784064588 
135.0 93.0 5.95381303014 
117.0 147.0 6.19674686028 
149.4 55.8 6.6661490484 
22.2 -39.0 6.11570645582 
-48.6 -125.4 6.24662374131 
-36.6 -25.8 5.83250811628 
101.4 17.4 6.55858563814 
143.4 45.0 6.39163403514 
-69.0 163.8 6.71130973582 
127.8 -35.4 6.57975829794 
-130.2 11.4 6.2419725878 
71.4 19.8 6.05513812396 
-89.4 -58.2 6.38936552905 
22.2 75.0 6.22724621422 
-9.0 -125.4 5.81129647834 
-54.6 -77.4 6.17781765892 
-105.0 -69.0 6.49264864697 
123.0 -25.8 6.49546724086 
-91.8 10.2 6.42277387507 
-85.8 16.2 6.50589021592 
-52.2 108.6 6.33873280664 
123.0 -126.6 5.53323368763 
-117.0 -90.6 6.1689181635 
-37.8 70.2 5.94062689924 
123.0 106.2 6.05526336641 
156.6 155.4 6.41458732978 
-160.2 9.0 6.78991560988 
67.8 -142.2 6.38437538205 
46.2 -12.6 6.53962803983 
119.4 111.0 6.22724621422 
-159.0 -10.2 6.27444788659 
54.6 159.0 6.1204666555 
51.0 -48.6 6.14612901837 
17.4 18.6 6.51374311026 
-35.4 30.6 6.35935375075 
-77.4 -18.6 6.43993224812 
-123.0 57.0 5.99226254097 
-99.0 -144.6 5.82460129866 
25.8 6.6 6.37140932344 
100.2 39.0 6.51890498105 
46.2 -30.6 6.35140892772 
57.0 -48.6 6.32658899282 
-148.2 -178.2 6.97778684433 
-101.4 40.2 6.41141287863 
-94.2 -133.8 6.46716930665 
64.2 -129.0 6.00167984637 
-51.0 133.8 6.10748805338 
103.8 -114.6 5.53993955787 
-53.4 82.2 6.14915077135 
19.8 -95.4 6.67095465217 
-105.0 150.6 6.33899630915 
65.4 153.0 6.78755084257 
75.0 161.4 6.27354816415 
-81.0 -12.6 6.16539513892 
-177.0 -24.6 7.576559061 
-106.2 60.6 6.0182898945 
131.4 118.2 6.32386751825 
163.8 101.4 6.6993657878 
172.2 -124.2 6.64149269745 
-5.4 101.4 6.24545824062 
178.2 54.6 7.09993221601 
16.2 72.6 6.4213592687 
-47.4 136.2 6.39910023322 
41.4 -156.6 6.08903967564 
-65.4 -153.0 6.34784944243 
-132.6 -39.0 6.15931662564 
150.6 -132.6 5.78099112884 
-1.8 137.4 6.40222571014 
3.0 23.4 6.15583012035 
-89.4 -29.4 6.09594071245 
-168.6 11.4 6.93418763792 
19.8 78.6 6.24359290556 
13.8 -64.2 6.55182331293 
129.0 -95.4 6.08158067473 
-6.6 -127.8 6.03148325413 
174.6 -153.0 6.6703395757 
-100.2 120.6 6.59569003812 
51.0 174.6 7.09157684644 
-40.2 -145.8 6.4447848723 
42.6 45.0 6.3345446221 
-1.8 12.6 6.30981074326 
-93.0 -76.2 6.27522556712 
-153.0 52.2 6.47735799468 
-171.0 -93.0 6.33536211641 
-144.6 -27.0 6.31989630613 
-127.8 -123.0 6.56188271013 
-23.4 82.2 6.38287920272 
109.8 114.6 6.57873780001 
-79.8 73.8 6.3379027554 
-5.4 -4.2 6.66213333724 
37.8 -174.6 7.58942684866 
22.2 -29.4 6.33977816544 
55.8 -84.6 6.56425208286 
-83.4 88.2 6.43371780152 
151.8 -4.2 6.0885633401 
-107.4 131.4 6.19206638817 
-24.6 -177.0 7.45660935926 
63.0 -6.6 6.37955480116 
175.8 -163.8 8.04677447607 
29.4 4.2 6.32055206148 
-40.2 115.8 6.15346467287 
3.0 -95.4 6.56617894178 
-6.6 107.4 6.32378301769 
126.6 -31.8 6.42728622779 
155.4 -5.4 6.16821420854 
53.4 3.0 6.09791477443 
-139.8 -42.6 6.62761764018 
-49.8 -65.4 6.09791477443 
35.4 16.2 6.10217137848 
-96.6 119.4 6.67559076542 
-144.6 127.8 6.21665477982 
-88.2 76.2 6.36037561126 
60.6 -97.8 6.58227636138 
115.8 145.8 6.29196305463 
51.0 -0.6 6.2897356881 
91.8 -114.6 6.43513693038 
-160.2 -179.4 6.82427944641 
-126.6 -178.2 6.88854119603 
-109.8 169.8 6.51603459907 
33.0 -171.0 7.01924428604 
13.8 -57.0 6.21301751458 
124.2 -19.8 6.15372650059 
-52.2 -28.2 6.22138347434 
-81.0 -160.2 6.33189302958 
-138.6 -127.8 6.45927521807 
35.4 -69.0 6.29197825626 
150.6 123.0 5.9603320575 
-127.8 -150.6 6.20336248987 
-89.4 72.6 6.29038030143 
-151.8 179.4 7.14105002429 
18.6 17.4 6.30392019096 
16.2 -171.0 7.43882100406 
-115.8 69.0 5.92769494294 
137.4 70.2 6.22465832386 
-55.8 -87.0 6.47271491153 
42.6 39.0 6.52996510716 
-169.8 28.2 6.88312311217 
-72.6 163.8 6.46795603437 
11.4 18.6 6.36983790061 
129.0 95.4 6.20770454424 
129.0 48.6 6.521665747 
87.0 -93.0 6.63184132957 
23.4 -0.6 6.4050373331 
135.0 53.4 5.87310151325 
-154.2 -76.2 6.654013511 
75.0 97.8 6.55913420501 
163.8 -64.2 6.9028636808 
157.8 174.6 7.78103621896 
-90.6 131.4 6.23221601329 
169.8 4.2 6.77803906328 
113.4 -29.4 6.46516189136 
-126.6 -11.4 6.35410935283 
-17.4 -166.2 7.12557701068 
12.6 109.8 6.10123751058 
-30.6 -179.4 6.94122175861 
-81.0 101.4 6.67740168022 
157.8 13.8 6.02043634723 
113.4 -4.2 6.25688693644 
129.0 -67.8 6.54297378745 
-28.2 19.8 6.55150458644 
-174.6 -143.4 7.22659343096 
112.2 165.0 6.74753480051 
-3.0 9.0 6.47735799468 
22.2 54.6 6.1777775877 
-67.8 120.6 6.47740260266 
100.2 -4.2 6.62172288596 
-105.0 138.6 6.1984249861 
-73.8 -6.6 6.40422778023 
-82.2 -97.8 6.50054681381 
-132.6 66.6 6.48850962647 
87.0 58.2 6.49186122223 
-144.6 83.4 6.29886726457 
-51.0 -119.4 6.16647803245 
-53.4 48.6 6.10518638754 
-19.8 -160.2 6.69667839914 
-141.0 -130.2 6.04160920247 
-36.6 -105.0 6.32744342926 
-173.4 71.4 7.0631710493 
138.6 142.2 6.63788972563 
-115.8 -165.0 6.26300007433 
-93.0 126.6 6.35188584458 
-35.4 112.2 6.0354742246 
71.4 35.4 6.421412089 
-123.0 10.2 6.14601180531 
105.0 36.6 6.45484506761 
-179.4 55.8 7.1245482077 
163.8 -93.0 6.72436774123 
6.6 121.8 6.01823802738 
77.4 162.6 6.61803527182 
-137.4 -29.4 6.34878449141 
125.4 -70.2 6.701838855 
-43.8 -95.4 5.96369024852 
-18.6 -59.4 6.50416213115 
-22.2 -157.8 6.44607247115 
96.6 127.8 6.42289596824 
124.2 94.2 6.12210302512 
-28.2 -106.2 6.43016858319 
19.8 -0.6 6.24839515491 
3.0 76.2 6.04154675666 
-10.2 -15.0 6.81563278215 
64.2 -33.0 6.36919201413 
-17.4 -42.6 6.37793473952 
76.2 -48.6 6.26060411607 
-119.4 148.2 6.61239535729 
100.2 166.2 6.31443591048 
90.6 -167.4 6.00187940953 
120.6 97.8 6.27181432797 
-63.0 -166.2 6.37229432266 
58.2 -61.8 6.23412032125 
149.4 35.4 6.52467921087 
75.0 -90.6 6.59109756413 
-67.8 -129.0 6.37632875964 
-129.0 90.6 6.22938501883 
94.2 -101.4 5.83661151769 
65.4 123.0 6.22938501883 
55.8 67.8 6.33119586138 
147.0 105.0 6.12612929307 
-18.6 -137.4 6.46239053194 
120.6 157.8 6.57709500908 
61.8 106.2 6.65350375439 
-121.8 82.2 6.31799647928 
-60.6 -54.6 6.1777775877 
84.6 45.0 6.31443591048 
-87.0 81.0 6.32658899282 
-33.0 4.2 6.47041916837 
173.4 149.4 6.96648728907 
-15.0 161.4 6.18691249066 
-22.2 -29.4 6.08482085781 
90.6 41.4 6.54031216229 
-112.2 -100.2 6.0816775305 
154.2 -7.8 5.83250811628 
-51.0 -73.8 6.14434972585 
-143.4 -71.4 6.59257898637 
-46.2 -90.6 5.76685909847 
-64.2 172.2 6.93604331242 
145.8 -60.6 6.38828514496 
177.0 113.4 7.18342431869 
-175.8 -72.6 6.83469314202 
-100.2 -22.2 6.53710109379 
135.0 -174.6 6.72439528745 
-45.0 60.6 6.34526702158 
-33.0 89.4 6.19769797771 
83.4 -115.8 5.93083466519 
-136.2 -59.4 6.37863955495 
39.0 113.4 6.47195055266 
-127.8 -163.8 6.49002966873 
47.4 -61.8 6.36892189142 
171.0 -105.0 6.79865349985 
-95.4 -130.2 6.67774130342 
-115.8 45.0 6.65243697614 
114.6 153.0 6.36088971972 
109.8 177.0 7.26836902282 
148.2 -93.0 6.27257422387 
-143.4 64.2 6.14959728044 
143.4 94.2 5.91298449648 
111.0 10.2 6.1777775877 
-155.4 143.4 6.19215689486 
47.4 107.4 6.55056960284 
-34.2 174.6 6.88312311217 
-105.0 73.8 6.37642430718 
-141.0 136.2 6.34826191524 
-51.0 -84.6 6.43653600016 
138.6 63.0 5.97699454341 
-155.4 5.4 6.34314390419 
178.2 163.8 7.51577464666 
-4.2 162.6 6.12946366249 
-179.4 48.6 7.26760564296 
151.8 -5.4 5.86113095396 
6.6 -81.0 6.65080517406 
101.4 85.8 5.86276660707 
-23.4 121.8 6.61212358244 
-119.4 24.6 6.31339621839 
148.2 130.2 6.34058628932 
163.8 -29.4 7.03250771627 
-27.0 129.0 6.41012369916 
113.4 89.4 5.88380141067 
96.6 95.4 5.89872690695 
126.6 83.4 5.97225741574 
120.6 57.0 6.31493426553 
-49.8 53.4 6.20512295347 
-11.4 -97.8 6.68974888553 
124.2 -149.4 6.63513620373 
127.8 79.8 6.34948455195 
-101.4 136.2 6.47249290938 
-28.2 139.8 6.312264486 
-121.8 -112.2 5.70677659738 
-105.0 34.2 6.69553488085 
-46.2 -145.8 6.44133170733 
71.4 167.4 6.72827270308 
-31.8 -64.2 6.113336014 
-139.8 81.0 6.06017605306 
147.0 -155.4 6.29533644727 
75.0 -173.4 6.50829655739 
88.2 -0.6 6.37988678509 
109.8 -0.6 6.34160063606 
101.4 -3.0 6.5603784012 
173.4 51.0 6.97583218838 
-79.8 31.8 6.40750647006 
154.2 83.4 6.36745438222 
-117.0 21.0 6.37256337836 
-81.0 141.0 6.46789019731 
150.6 -94.2 6.36088971972 
147.0 7.8 6.39407128796 
39.0 -36.6 6.20804545492 
67.8 89.4 6.39385736485 
91.8 15.0 6.45157892036 
-132.6 12.6 6.48341736006 
-126.6 -7.8 6.26262389301 
-135.0 88.2 6.36215486054 
-24.6 124.2 6.56026604851 
61.8 -143.4 5.6662627526 
107.4 29.4 6.69177774334 
89.4 103.8 6.42564591292 
-97.8 75.0 5.90344858684 
157.8 70.2 6.73162317546 
-132.6 -144.6 6.22259481363 
-162.6 -16.2 6.85808177095 
-9.0 -73.8 6.69575980893 
111.0 -145.8 6.5142155998 
114.6 84.6 5.98231631702 
-21.0 -87.0 6.24235618006 
-135.0 -129.0 6.27593318271 
-173.4 -153.0 7.21343194086 
-167.4 -82.2 6.18013291995 
-149.4 129.0 6.62021329158 
-155.4 -123.0 6.42420868051 
172.2 81.0 6.88278303157 
10.2 -11.4 6.6985208716 
-112.2 3.0 6.62303064375 
169.8 103.8 6.06158974681 
121.8 -5.4 6.26066524751 
-46.2 -160.2 6.45990960428 
63.0 124.2 6.51291387868 
153.0 -57.0 6.21369245823 
141.0 -124.2 5.75913256742 
123.0 -161.4 6.62770508207 
58.2 -21.0 6.40597057818 
-112.2 -143.4 5.98706432374 
156.6 161.4 5.99705122567 
-69.0 87.0 6.39831587447 
161.4 -89.4 6.34609200735 
-91.8 52.2 6.53262158262 
102.6 59.4 6.10518638754 
-13.8 -121.8 6.15068223204 
88.2 144.6 6.36238067029 
66.6 13.8 6.39571709056 
-135.0 -61.8 6.33405663685 
-129.0 31.8 6.25966068569 
156.6 -115.8 6.42202019238 
-177.0 11.4 7.61851037441 
173.4 105.0 6.51262979322 
150.6 47.4 6.62318323599 
-47.4 -24.6 5.93348595457 
96.6 9.0 6.48693839228 
-91.8 42.6 6.27950539376 
-154.2 -27.0 6.48182379118 
-138.6 6.6 6.25451128701 
28.2 79.8 6.52115768805 
-173.4 -166.2 6.78617139122 
71.4 94.2 6.55275257103 
-174.6 -43.8 7.32538732055 
46.2 124.2 6.51479112575 
-40.2 -105.0 5.8795413708 
109.8 102.6 6.25955808676 
64.2 37.8 6.51291387868 
-123.0 -133.8 6.03076753213 
78.6 -160.2 6.07226455368 
-72.6 60.6 6.48696618158 
148.2 -133.8 5.99469766176 
-73.8 167.4 6.54859575039 
125.4 -24.6 6.41609021375 
-84.6 -139.8 6.16786461565 
28.2 149.4 6.20608373623 
148.2 -54.6 6.42204412657 
137.4 153.0 6.27868422537 
-57.0 -33.0 6.17751082612 
105.0 -119.4 5.97784696516 
-33.0 -96.6 6.49807903692 
-154.2 91.8 6.53513080998 
97.8 -141.0 6.20295399392 
143.4 -27.0 6.35555846361 
145.8 -64.2 6.40355003191 
-150.6 -178.2 7.01786046539 
60.6 -171.0 6.78560811151 
-5.4 45.0 6.14154596146 
33.0 -41.4 6.06833544798 
40.2 83.4 6.64483357323 
-72.6 0.6 6.46073470456 
156.6 49.8 6.22356519719 
139.8 -9.0 6.16081485106 
-125.4 143.4 6.41155694195 
-28.2 60.6 5.99705122567 
111.0 106.2 6.22040427233 
149.4 -169.8 7.23693472546 
-94.2 65.4 6.25729013703 
109.8 73.8 5.8384461955 
127.8 -129.0 5.91511616073 
28.2 5.4 6.45182665244 
-115.8 163.8 6.04528824596 
-64.2 66.6 6.29408216692 
165.0 -117.0 6.37293211716 
160.2 -163.8 6.29090498913 
-52.2 -0.6 6.27392386765 
-23.4 -30.6 6.53613767546 
-162.6 40.2 7.22122119904 
83.4 10.2 6.06047596416 
11.4 -25.8 6.39163403514 
45.0 -160.2 6.63408304547 
-165.0 137.4 6.39497883193 
-24.6 -115.8 6.26692428796 
165.0 37.8 5.91387248996 
159.0 -121.8 6.22164132098 
-36.6 -159.0 6.01617767041 
-100.2 166.2 6.38014300341 
163.8 45.0 6.46015020354 
94.2 64.2 6.11482973781 
-43.8 -37.8 6.24027510098 
58.2 -76.2 6.30668648052 
99.0 129.0 6.38965781172 
103.8 29.4 5.9177375976 
145.8 -165.0 7.01928615003 
33.0 -12.6 6.14911881129 
-144.6 129.0 6.47706117391 
-70.2 83.4 6.28674409881 
178.2 -142.2 7.06201949857 
77.4 125.4 6.40355938686 
-166.2 59.4 6.8498609402 
-24.6 161.4 6.1637739918 
-43.8 111.0 5.91642648405 
33.0 84.6 6.42268155656 
-45.0 -160.2 6.21490214891 
160.2 162.6 6.55468950947 
131.4 -61.8 6.79611865506 
-174.6 -167.4 7.07519499544 
16.2 -58.2 6.43743674843 
-171.0 52.2 6.64245567653 
-88.2 -16.2 5.92216819346 
-149.4 178.2 7.32436846835 
-141.0 97.8 6.35723664522 
58.2 135.0 6.34444661022 
23.4 -77.4 6.59735747992 
-81.0 85.8 6.62436379243 
157.8 -81.0 6.36616249984 
-154.2 -78.6 6.47867966069 
149.4 0.6 6.2372430674 
-37.8 17.4 6.50697908545 
13.8 -105.0 6.30786736655 
-157.8 -69.0 6.44867982214 
-172.2 179.4 7.91383868869 
-173.4 101.4 6.87856497577 
108.6 0.6 6.52064972567 
149.4 -72.6 6.53680437731 
-85.8 159.0 6.63261711102 
27.0 -141.0 6.61670129564 
-100.2 -55.8 6.34075245885 
120.6 34.2 6.34314390419 
148.2 108.6 6.01415735192 
31.8 88.2 6.42251207972 
-139.8 167.4 7.00654998539 
-33.0 -76.2 6.71737260942 
112.2 133.8 6.14410767267 
160.2 -23.4 6.55995595342 
-35.4 -19.8 6.29020614498 
3.0 -67.8 6.48610960614 
-55.8 178.2 7.16585006391 
90.6 -161.4 5.75972181014 
144.6 179.4 6.80387096832 
-143.4 24.6 6.52113502922 
41.4 54.6 6.25959817565 
-114.6 54.6 5.75177048485 
99.0 -88.2 6.58992250143 
13.8 61.8 6.12860348613 
-89.4 59.4 6.34798018076 
-118.2 -15.0 6.3551516742 
-143.4 -150.6 6.21081432116 
-167.4 -23.4 7.02980212381 
11.4 133.8 6.34612014942 
48.6 30.6 6.05390013456 
-29.4 -175.8 7.65401506052 
96.6 136.2 6.30313635523 
-78.6 -173.4 7.07182028705 
-168.6 -49.8 7.4933622389 
-167.4 -53.4 7.07780348637 
-94.2 -161.4 5.95124168964 
-147.0 -27.0 6.10268492212 
69.0 -126.6 5.64887301033 
-82.2 115.8 6.27950539376 
-169.8 99.0 6.91029865928 
64.2 -67.8 6.36698434939 
103.8 179.4 6.80387096832 
135.0 103.8 6.34565682733 
166.2 -121.8 7.00989874612 
-63.0 145.8 6.12870332532 
-60.6 136.2 6.52177059514 
125.4 28.2 6.27802554932 
16.2 -143.4 6.77103777573 
142.2 -71.4 6.26487446759 
142.2 151.8 6.49270260865 
-61.8 171.0 6.72189229713 
-94.2 -118.2 6.40023975067 
107.4 151.8 5.92524073769 
81.0 57.0 6.40295706706 
-137.4 -156.6 6.21135443681 
-84.6 -64.2 6.17701921855 
-48.6 -124.2 6.48100359904 
-85.8 -160.2 6.01863187566 
145.8 -168.6 6.87832656723 
-91.8 175.8 7.31781774964 
-75.0 -81.0 6.35257568461 
46.2 72.6 6.51578971513 
88.2 159.0 5.9426324804 
-172.2 40.2 7.20810507402 
148.2 -175.8 6.78653917614 
-17.4 -89.4 6.42600768614 
-165.0 150.6 6.65277517848 
129.0 -106.2 5.9606211203 
-161.4 57.0 6.3451449167 
16.2 -118.2 6.54570708591 
11.4 -9.0 6.53052717149 
172.2 -71.4 7.52065080056 
-115.8 -171.0 6.4781607857 
-114.6 -101.4 6.18395886395 
147.0 102.6 6.12505947962 
54.6 -34.2 6.61402494342 
12.6 102.6 6.15068223204 
-43.8 46.2 6.23789583336 
97.8 -53.4 6.10191529117 
36.6 -121.8 6.08690836618 
-148.2 58.2 6.18073085714 
65.4 -179.4 7.27593708558 
153.0 174.6 7.08122532227 
-58.2 -131.4 6.10643141835 
25.8 11.4 6.4607420211 
142.2 141.0 6.64042813894 
-133.8 -13.8 6.49931896498 
22.2 -89.4 6.47833252263 
-124.2 -102.6 6.17950027283 
90.6 101.4 6.36431411713 
45.0 138.6 6.34566645662 
174.6 67.8 7.19683765509 
-178.2 76.2 7.12222824996 
-153.0 100.2 6.38155592357 
-45.0 5.4 6.03356941313 
-63.0 100.2 5.99705122567 
-131.4 -24.6 6.31635841949 
67.8 -60.6 6.58964419577 
-23.4 88.2 6.15871070332 
139.8 178.2 7.03537965013 
-64.2 -77.4 6.29408216692 
-52.2 52.2 6.10454884979 
-103.8 -136.2 6.51480192583 
57.0 -124.2 6.12505947962 
97.8 145.8 6.54392532865 
-103.8 -95.4 6.21332329561 
-52.2 87.0 6.13771347205 
29.4 175.8 7.53110369495 
-109.8 144.6 6.45300500863 
-5.4 -132.6 6.61837096531 
40.2 5.4 6.37701910165 
28.2 -167.4 6.73663282125 
132.6 -51.0 6.33471208823 
-27.0 -59.4 6.31443591048 
-30.6 -154.2 6.54169472971 
-173.4 137.4 6.67497020376 
-129.0 57.0 6.17693423449 
-65.4 -46.2 5.96694473299 
-5.4 34.2 6.45501458177 
-61.8 129.0 6.38979126153 
160.2 23.4 6.93031554893 
124.2 54.6 6.29510486411 
-100.2 70.2 6.05698428572 
130.2 10.2 6.14479504824 
-95.4 -156.6 6.18468618972 
79.8 -69.0 6.26609308355 
100.2 22.2 5.82072085673 
-118.2 -21.0 6.4394305945 
172.2 -101.4 7.17289773626 
168.6 39.0 6.24675728086 
-54.6 34.2 6.1846865998 
64.2 130.2 6.32378301769 
123.0 177.0 7.20425872814 
-147.0 -83.4 6.39630970733 
-5.4 -137.4 6.60668407128 
109.8 -127.8 5.97659365335 
-99.0 -159.0 6.23722881646 
16.2 154.2 6.70484443044 
-163.8 -19.8 6.79439865996 
70.2 6.6 6.37898963324 
-35.4 39.0 6.4766905358 
113.4 177.0 7.22563108913 
-173.4 -75.0 6.8136284452 
-85.8 -147.0 6.30423927261 
-142.2 6.6 6.6873420107 
-161.4 177.0 7.79933103123 
102.6 125.4 6.43341235001 
-88.2 -93.0 6.5253839803 
142.2 -4.2 6.21301751458 
-125.4 -160.2 6.37289822729 
105.0 139.8 6.16647803245 
139.8 -141.0 6.23808024242 
15.0 29.4 5.8398687708 
156.6 1.8 6.41837447265 
5.4 -117.0 6.4084925181 
129.0 111.0 6.34444661022 
-10.2 47.4 6.11681212979 
137.4 -58.2 6.53676259845 
31.8 -67.8 6.08348305085 
101.4 34.2 6.39413533846 
-174.6 100.2 6.83748913326 
157.8 175.8 7.96236213667 
-17.4 -11.4 6.41653158676 
124.2 -168.6 6.52170301378 
-125.4 -175.8 7.14266286997 
-121.8 -99.0 6.51486551485 
-130.2 69.0 6.49368205449 
18.6 -13.8 6.6116100388 
-165.0 16.2 6.76868928316 
107.4 155.4 6.21454974501 
-7.8 131.4 6.32878247579 
103.8 -36.6 6.48944898761 
-143.4 60.6 6.26296605482 
66.6 107.4 6.60348514271 
156.6 -27.0 6.70534251647 
145.8 -45.0 6.34826191524 
130.2 -81.0 6.30872300553 
109.8 -11.4 6.67909713117 
-57.0 -129.0 6.0420603003 
-147.0 -3.0 6.22298538477 
51.0 -30.6 6.45571394283 
-138.6 137.4 6.56164151845 
-107.4 159.0 6.49276440057 
-150.6 -154.2 6.31592384868 
-108.6 17.4 6.18121143659 
-88.2 -47.4 6.46990507977 
-163.8 -79.8 6.31339621839 
-21.0 -25.8 6.03356941313 
72.6 29.4 6.47552888229 
-22.2 -4.2 6.25729013703 
167.4 -79.8 6.92415054855 
163.8 51.0 6.28592787679 
153.0 -73.8 6.10748805338 
6.6 -84.6 6.36085702337 
34.2 -46.2 6.09393617494 
-103.8 148.2 6.38174033947 
-150.6 52.2 6.8143506893 
63.0 94.2 6.533938988 
148.2 -118.2 6.14154596146 
-79.8 -149.4 6.21084260651 
65.4 1.8 6.32378301769 
-28.2 -161.4 6.50441065099 
49.8 -11.4 6.50550473435 
-108.6 46.2 6.33030823643 
-160.2 177.0 7.74144603532 
6.6 -18.6 6.48790053529 
-27.0 -28.2 6.30423927261 
172.2 -126.6 6.75720411877 
-33.0 -99.0 6.55112991835 
105.0 -63.0 6.47039834786 
-53.4 -124.2 6.12902749475 
12.6 30.6 5.820756871 
117.0 -59.4 6.44722456423 
-42.6 154.2 6.30485259006 
-30.6 139.8 6.09829813663 
138.6 59.4 6.0861437109 
59.4 -178.2 7.32221793035 
-160.2 -149.4 6.32378301769 
-91.8 -82.2 5.91377583096 
-27.0 -173.4 7.21905395954 
-17.4 82.2 5.820756871 
-40.2 -162.6 6.24847794269 
129.0 171.0 6.77462046473 
84.6 112.2 6.44983322947 
-178.2 -179.4 6.58059453161 
-106.2 63.0 5.82520096875 
105.0 -40.2 6.24828143703 
145.8 166.2 6.35595583281 
7.8 19.8 6.37537915495 
144.6 65.4 6.24805580366 
-61.8 24.6 6.61118592556 
-18.6 -172.2 6.79944258098 
-28.2 -65.4 6.51880863328 
63.0 132.6 6.39560779114 
51.0 120.6 6.3457218545 
111.0 -85.8 6.52627555375 
-23.4 -53.4 6.62719641484 
16.2 15.0 6.34939883925 
-97.8 87.0 5.94285059654 
53.4 -39.0 6.45290235769 
-7.8 54.6 6.46888142444 
-174.6 3.0 7.46972940653 
-145.8 -12.6 6.04973611705 
93.0 123.0 6.26523789359 
-111.0 121.8 6.3551516742 
154.2 0.6 6.12612929307 
156.6 -53.4 6.30462939096 
-175.8 175.8 8.01516342026 
54.6 47.4 6.16749991002 
19.8 -70.2 6.19515789967 
-58.2 165.0 6.68763687704 
133.8 46.2 6.4192478233 
147.0 -43.8 6.44341560972 
-61.8 91.8 6.34745745723 
-39.0 83.4 6.171155453 
-43.8 131.4 6.14410767267 
-119.4 -141.0 6.18854719572 
-51.0 29.4 6.54854911671 
105.0 81.0 6.03416805303 
88.2 93.0 6.21256061473 
147.0 162.6 6.43421022468 
-145.8 169.8 7.37960274117 
84.6 84.6 6.10047612561 
162.6 11.4 6.46588062417 
-172.2 115.8 6.28852835712 
-42.6 29.4 6.23660865743 
-27.0 78.6 6.39498889961 
-107.4 -125.4 6.19215689486 
-105.0 -174.6 7.37879482766 
-15.0 -130.2 6.28592787679 
-106.2 -18.6 6.41332301255 
147.0 66.6 6.54049152014 
-115.8 49.8 6.34225931739 
31.8 -33.0 6.17956108309 
7.8 159.0 6.21740092751 
-89.4 27.0 6.33012256336 
-21.0 156.6 6.01691728689 
76.2 49.8 6.56698109995 
-34.2 -112.2 6.26670835805 
-18.6 89.4 5.99038029112 
131.4 103.8 6.24235618006 
132.6 -10.2 6.32131193368 
-133.8 39.0 6.40040759538 
-42.6 106.2 6.48757727608 
69.0 41.4 6.53075606016 
77.4 30.6 6.1984249861 
-47.4 149.4 6.11930703389 
-143.4 3.0 5.90814630433 
54.6 169.8 6.51679302576 
93.0 -6.6 6.55318777782 
97.8 59.4 6.1777775877 
57.0 33.0 6.21643529812 
78.6 -138.6 6.20491557539 
-138.6 53.4 6.21301751458 
-75.0 161.4 6.07191326345 
131.4 169.8 6.72461004416 
-107.4 -24.6 6.65571516207 
-77.4 168.6 6.8264114776 
174.6 -115.8 7.4022203312 
-85.8 63.0 6.57036708027 
-21.0 129.0 6.40292033825 
-119.4 102.6 6.24249130437 
107.4 -9.0 6.38969206806 
-6.6 -19.8 6.32055206148 
-24.6 -127.8 6.33558978141 
-179.4 69.0 6.97459767201 
-177.0 143.4 7.19585778242 
-135.0 -166.2 6.74664632261 
111.0 35.4 6.52615910543 
84.6 85.8 6.05074169673 
79.8 58.2 6.13074433318 
147.0 172.2 6.67966402285 
-31.8 -94.2 6.56844612797 
-7.8 -113.4 6.06750993091 
-24.6 34.2 6.31821799243 
159.0 94.2 6.14959728044 
-51.0 -41.4 5.820756871 
-105.0 -112.2 6.12210302512 
66.6 49.8 6.38965241426 
-34.2 168.6 6.59401230382 
111.0 130.2 6.26609308355 
-129.0 -90.6 6.54049152014 
-154.2 -127.8 5.88696593893 
-174.6 37.8 7.56463120505 
-60.6 -41.4 5.80500851403 
-123.0 -7.8 6.24301542163 
90.6 149.4 6.17507803301 
87.0 83.4 6.28528294567 
173.4 91.8 7.13562261171 
45.0 -87.0 6.68156093241 
166.2 82.2 6.4931621906 
22.2 154.2 5.91991147847 
-117.0 34.2 5.9670444012 
115.8 63.0 6.15942528177 
173.4 107.4 6.36483194806 
-109.8 36.6 6.3408163302 
37.8 135.0 6.46687079704 
-142.2 59.4 6.55253067266 
-46.2 24.6 6.39731528701 
130.2 35.4 6.325737789 
113.4 -109.8 6.02259758968 
46.2 -148.2 6.57666931151 
22.2 43.8 6.21490214891 
145.8 -133.8 6.32431333215 
5.4 23.4 6.44746496031 
100.2 72.6 6.0246693646 
169.8 -66.6 7.29045213081 
28.2 117.0 6.39163403514 
174.6 108.6 6.7449993292 
39.0 78.6 6.47517707641 
-16.2 37.8 6.18771244716 
-107.4 45.0 6.31257825371 
-126.6 -107.4 5.78455867557 
-82.2 -142.2 6.20112499493 
12.6 -59.4 6.33069750634 
39.0 69.0 6.36888338 
147.0 -177.0 7.4082668068 
91.8 -161.4 5.56873325987 
-11.4 138.6 6.41141287863 
-59.4 34.2 6.12870332532 
57.0 72.6 6.50003109694 
-9.0 163.8 5.86424073088 
48.6 -131.4 5.81296890149 
148.2 -27.0 5.93642660386 
-178.2 4.2 7.42211614177 
95.4 28.2 6.08690836618 
156.6 -150.6 6.20100647805 
-136.2 151.8 6.49270260865 
41.4 -67.8 6.46418400868 
-106.2 143.4 6.39028960354 
-53.4 115.8 5.98154703914 
-76.2 159.0 6.24261441699 
70.2 -55.8 6.40422778023 
84.6 -69.0 6.06712785976 
-129.0 153.0 6.67166520969 
-171.0 -107.4 7.35389727604 
-101.4 9.0 6.50200977398 
-0.6 -100.2 6.26066524751 
-113.4 25.8 6.43099317847 
-66.6 -114.6 6.59216087098 
34.2 175.8 6.97320672541 
-129.0 -119.4 6.49125097393 
-83.4 -48.6 5.92913996209 
-12.6 139.8 6.44738698824 
-57.0 -96.6 6.42663032028 
178.2 96.6 6.9532185062 
141.0 -1.8 6.44013892022 
3.0 -124.2 5.95124168964 
-83.4 51.0 6.52131251236 
129.0 63.0 6.33561903926 
178.2 -118.2 7.15866728881 
142.2 -66.6 6.42588350207 
155.4 -109.8 6.45985437071 
119.4 -47.4 6.18272764694 
39.0 73.8 6.28312667262 
-72.6 -13.8 6.42728622779 
-16.2 52.2 6.23602758934 
5.4 135.0 6.41729975838 
-18.6 -119.4 6.6573005009 
-112.2 48.6 5.84373921124 
-126.6 -157.8 6.60625324099 
115.8 129.0 6.19039644113 
-47.4 -90.6 5.88401952681 
151.8 112.2 6.35336964234 
-177.0 -12.6 7.56362453464 
-88.2 -0.6 6.40717463371 
139.8 -30.6 6.43348195646 
-143.4 -10.2 6.04235996158 
57.0 -163.8 6.34075245885 
-52.2 -120.6 6.60796426394 
-67.8 -17.4 6.3777370255 
-72.6 -87.0 6.47603725277 
60.6 -169.8 6.55728627895 
-22.2 6.6 6.50101689664 
-77.4 165.0 6.27534576746 
-113.4 -103.8 6.27571355237 
-147.0 -47.4 6.5134948153 
9.0 -31.8 6.01691728689 
11.4 -22.2 6.45880105698 
-162.6 -95.4 6.33405663685 
-27.0 -31.8 6.22742453349 
-5.4 -126.6 5.99656228017 
-112.2 -157.8 6.00040609014 
-113.4 172.2 7.16957496827 
-115.8 -123.0 6.18213250063 
178.2 126.6 7.03880321397 
-47.4 106.2 6.26662440801 
-31.8 172.2 7.07114236818 
-108.6 66.6 5.63832829618 
179.4 -77.4 7.07048830297 
97.8 -106.2 5.91815456882 
-94.2 -41.4 6.20804545492 
-111.0 -34.2 6.49258539559 
43.8 -156.6 6.62371500136 
23.4 112.2 6.33030823643 
143.4 81.0 6.23789583336 
-53.4 109.8 6.26466365847 
-78.6 166.2 6.14828332057 
47.4 16.2 6.07014692351 
18.6 93.0 6.30075958648 
137.4 99.0 6.16620624194 
-59.4 15.0 6.25881667458 
9.0 -83.4 6.60909495307 
-16.2 81.0 5.95260309029 
67.8 -39.0 6.16830803175 
129.0 153.0 6.45551634232 
159.0 -6.6 6.15924553856 
-76.2 101.4 6.39477917676 
-169.8 61.8 6.9613205307 
55.8 -10.2 6.30132069956 
3.0 168.6 6.99736472509 
-0.6 -43.8 6.45034680558 
-90.6 -147.0 6.48740295164 
-168.6 -77.4 6.69734425627 
-121.8 6.6 6.44341560972 
107.4 -119.4 5.90155846741 
36.6 148.2 6.0638523979 
-16.2 6.6 6.04506044486 
-31.8 -81.0 6.38863389058 
9.0 177.0 7.28679471514 
161.4 71.4 6.6415165131 
-52.2 -64.2 6.29748993518 
-42.6 57.0 5.91387248996 
160.2 -3.0 6.24143843343 
154.2 90.6 6.20360248157 
-150.6 -179.4 6.94496707891 
-102.6 166.2 6.38014300341 
118.2 42.6 6.3748753628 
169.8 -11.4 7.18200174428 
-115.8 114.6 6.8038880006 
13.8 -82.2 6.69845943486 
11.4 -95.4 6.62089763174 
-115.8 -41.4 6.52570744167 
-131.4 -57.0 6.08718073558