-10.2 179.4 6.95985553861 
51.0 114.6 6.37289786083 
73.8 0.6 6.03264168369 
113.4 66.6 6.20237545251 
-16.2 -145.8 6.52655019864 
24.6 -61.8 6.26171983647 
147.0 136.2 6.49726773158 
-66.6 -95.4 6.659548629 
-139.8 -76.2 6.52292996373 
-21.0 -7.8 6.1305826183 
91.8 167.4 7.10492540298 
-1.8 -109.8 6.34444661022 
160.2 -147.0 6.43348195646 
160.2 -175.8 6.87394253833 
-109.8 -41.4 6.45234019608 
-101.4 106.2 6.2966231659 
-71.4 10.2 6.21425354918 
0.6 144.6 6.5354100071 
-54.6 177.0 7.38505850473 
84.6 -178.2 6.91982195045 
-171.0 31.8 7.41159533406 
114.6 -114.6 5.65495040795 
58.2 -60.6 6.40912553405 
162.6 -31.8 6.5375642732 
-47.4 6.6 6.30786736655 
-90.6 -139.8 6.41260593929 
141.0 23.4 6.34033658842 
-157.8 -105.0 6.45182665244 
22.2 33.0 6.10089137003 
0.6 -102.6 6.5873549276 
-136.2 -88.2 6.1122274667 
-114.6 51.0 6.14911881129 
-28.2 -167.4 6.66257414582 
33.0 -31.8 6.27354816415 
-135.0 179.4 7.0286251208 
-163.8 -61.8 6.44692761101 
-105.0 175.8 7.11573031288 
-172.2 21.0 7.18563444465 
-114.6 53.4 6.1410036858 
-100.2 73.8 6.28912456496 
-91.8 -94.2 6.7698677968 
166.2 -142.2 6.61837096531 
-1.8 95.4 6.24425518039 
-144.6 84.6 6.03561507179 
147.0 -145.8 6.262177794 
-159.0 124.2 6.02260943936 
138.6 -105.0 6.28011649384 
107.4 76.2 5.70677659738 
27.0 166.2 6.80929160678 
160.2 120.6 6.29946899695 
66.6 127.8 6.18338710874 
-58.2 -166.2 6.78637716479 
-1.8 41.4 5.9357918577 
-13.8 60.6 5.55163882651 
-41.4 -93.0 6.07566672429 
112.2 144.6 6.24530049723 
-147.0 -148.2 6.12251490902 
72.6 174.6 6.79610553844 
64.2 39.0 6.53724140448 
-51.0 70.2 6.15632923535 
166.2 109.8 6.12251490902 
126.6 21.0 6.54218843842 
12.6 -18.6 6.613423358 
-69.0 137.4 6.56311278199 
-49.8 -36.6 5.95129604423 
76.2 -179.4 6.69744336436 
84.6 -127.8 6.20782182263 
-157.8 -85.8 5.72670026339 
22.2 10.2 6.08348305085 
155.4 -112.2 6.40674964334 
112.2 -77.4 6.67954390869 
103.8 -53.4 6.36155840987 
-159.0 143.4 5.78455867557 
-97.8 157.8 5.90344858684 
-173.4 39.0 7.33505721811 
-177.0 163.8 7.95001943012 
36.6 129.0 6.4140343705 
136.2 131.4 6.5667356404 
27.0 -59.4 6.01717051761 
-96.6 141.0 6.32378301769 
35.4 124.2 6.39388463211 
102.6 101.4 5.93348595457 
-25.8 106.2 6.27593318271 
95.4 -124.2 6.11818377603 
100.2 -114.6 6.00260877266 
-145.8 -0.6 6.51514561323 
166.2 113.4 6.156030158 
145.8 -129.0 6.39606471093 
39.0 -168.6 6.84862473034 
148.2 -10.2 5.87455511781 
65.4 -95.4 6.69802652278 
148.2 67.8 6.57157678746 
40.2 144.6 6.25955808676 
-151.8 -99.0 5.92084032956 
-48.6 -30.6 6.04154675666 
-143.4 -112.2 6.18639652763 
33.0 -87.0 6.50267580267 
-127.8 72.6 6.38474583256 
113.4 60.6 6.40062945555 
112.2 5.4 5.95557236412 
-112.2 6.6 6.49931896498 
-109.8 40.2 6.56698109995 
148.2 -135.0 6.10464389213 
113.4 34.2 6.48492252285 
17.4 40.2 6.10365643722 
77.4 -19.8 6.30485259006 
18.6 -173.4 7.36350378853 
57.0 -53.4 6.16647803245 
-172.2 -171.0 7.75426994603 
36.6 13.8 6.45363243809 
-57.0 -147.0 6.20100647805 
177.0 137.4 7.24629731729 
-71.4 149.4 6.14710846421 
41.4 -65.4 6.29090498913 
-90.6 63.0 6.33078353377 
17.4 34.2 6.11791961917 
105.0 67.8 6.04900769151 
145.8 -173.4 7.23312176086 
13.8 138.6 6.53697003141 
162.6 28.2 6.88543159372 
-167.4 -151.8 6.73642389198 
-88.2 72.6 6.20172242958 
-58.2 -75.0 6.31257825371 
131.4 -57.0 6.68449412662 
-72.6 7.8 6.14601180531 
0.6 -23.4 6.15346467287 
-166.2 163.8 7.7371641352 
-63.0 52.2 5.98022818047 
153.0 96.6 6.23437279132 
-19.8 107.4 6.25950895568 
-51.0 7.8 6.37376533526 
9.0 57.0 6.43475921815 
143.4 15.0 6.42085903788 
-173.4 -45.0 7.33172712204 
-156.6 11.4 6.83347864483 
139.8 -35.4 6.19705642819 
41.4 82.2 6.60214839681 
-77.4 -79.8 6.57184360767 
141.0 139.8 6.68237210738 
114.6 151.8 5.86640966796 
-127.8 -115.8 5.80983765957 
171.0 127.8 6.51173454552 
-11.4 166.2 6.37293211716 
69.0 -6.6 6.3017418996 
-23.4 -100.2 6.44264879265 
-76.2 -177.0 7.21169370663 
84.6 -113.4 5.84254902184 
-167.4 -34.2 6.9534966018 
-172.2 -145.8 6.85108994953 
6.6 -61.8 6.34982146681 
25.8 -60.6 6.21908260132 
3.0 58.2 6.10217137848 
113.4 -49.8 6.67958413861 
-97.8 127.8 6.63924057244 
16.2 -148.2 6.67453012828 
106.2 -107.4 6.2096603936 
78.6 -91.8 6.25487599264 
-85.8 -115.8 6.58099635293 
-46.2 -23.4 6.12767520496 
130.2 107.4 6.24675728086 
-34.2 100.2 6.29121773891 
-171.0 137.4 6.38969206806 
-33.0 -150.6 6.61467510479 
106.2 79.8 6.1398819479 
-168.6 57.0 6.61205109316 
107.4 -111.0 6.09302421066 
-148.2 -113.4 6.51053178752 
150.6 29.4 6.41117231098 
-28.2 -114.6 6.44356361646 
-82.2 175.8 6.32361967693 
76.2 0.6 6.22094885976 
-51.0 -37.8 6.27419891474 
123.0 -6.6 6.12860348613 
-24.6 -109.8 6.48088172749 
73.8 36.6 6.36431411713 
129.0 155.4 6.1410036858 
-54.6 -57.0 6.15562413261 
-89.4 137.4 6.49258539559 
-27.0 85.8 5.95159852 
87.0 21.0 6.36616249984 
-23.4 -39.0 6.32386751825 
108.6 -148.2 6.7899892 
-109.8 99.0 6.45985882414 
142.2 -131.4 6.26874178374 
136.2 -79.8 6.26217484166 
91.8 -61.8 6.43038075898 
21.0 -162.6 6.83538065766 
-7.8 -138.6 6.44290365035 
63.0 -83.4 6.5867545174 
-25.8 61.8 6.39956214046 
-71.4 13.8 6.18462549975 
5.4 -105.0 6.56302087022 
113.4 75.0 5.98235181781 
-88.2 -83.4 6.46418400868 
-123.0 -66.6 6.50093375346 
177.0 -78.6 7.44316974721 
-37.8 -82.2 6.22356519719 
-10.2 -11.4 6.66100950076 
-179.4 36.6 7.25478869901 
78.6 63.0 6.6884883344 
52.2 -172.2 6.92104431561 
61.8 -81.0 6.32526106814 
-13.8 156.6 6.25688693644 
-151.8 -132.6 6.23656681726 
25.8 -24.6 6.11843327908 
-18.6 -82.2 6.55736154025 
-160.2 -100.2 6.20810762039 
101.4 69.0 6.26118114674 
172.2 171.0 7.37732166039 
64.2 90.6 6.70350881529 
93.0 51.0 6.32386751825 
-93.0 -133.8 6.48612487856 
-154.2 -119.4 6.35219485173 
65.4 -138.6 6.20439951455 
-51.0 71.4 6.26844775884 
83.4 119.4 6.45666091669 
5.4 -169.8 7.20486810127 
45.0 -137.4 6.61343080803 
153.0 -48.6 6.47265256309 
-90.6 112.2 6.33742542871 
-129.0 141.0 6.5923324496 
113.4 113.4 6.36700993751 
-66.6 -49.8 6.14433411824 
-167.4 -47.4 7.16873962579 
48.6 117.0 6.30786736655 
69.0 -105.0 6.54984888037 
-1.8 -39.0 6.41486379654 
-31.8 -108.6 6.47446069358 
51.0 -179.4 7.1245482077 
-71.4 95.4 6.63426145196 
64.2 -94.2 6.78400205067 
149.4 -106.2 6.28033290358 
-78.6 157.8 6.04898478708 
168.6 123.0 6.74285349526 
40.2 -9.0 6.10518638754 
-65.4 101.4 6.10460794328 
90.6 -39.0 6.06343730253 
27.0 -130.2 6.63498483013 
-102.6 25.8 6.4315887878 
118.2 -175.8 7.51369160864 
-151.8 35.4 6.88997452379 
145.8 -124.2 6.2453260267 
-36.6 82.2 6.18997593161 
48.6 77.4 6.34449761944 
53.4 -141.0 6.07689283744 
174.6 -94.2 7.40501416249 
39.0 138.6 6.13332582513 
45.0 40.2 6.57563860517 
147.0 -107.4 6.05537205224 
-77.4 39.0 6.16722344325 
57.0 -75.0 6.46405404073 
-169.8 -81.0 6.9721992711 
-24.6 -153.0 6.5142155998 
114.6 -47.4 6.61548450222 
-94.2 -4.2 6.3978425805 
-132.6 1.8 6.17781765892 
-96.6 -144.6 5.78289509143 
-117.0 16.2 6.52962431448 
-150.6 123.0 6.02598978808 
-103.8 172.2 6.40597431892 
-95.4 -85.8 6.34055109232 
-173.4 -54.6 7.40455682745 
-40.2 45.0 6.25688693644 
153.0 -54.6 6.262177794 
75.0 -127.8 5.85537295733 
-156.6 82.2 6.23187546775 
-94.2 -124.2 6.56509032792 
132.6 147.0 6.37890997224 
177.0 153.0 7.47434355598 
-61.8 72.6 6.39731528701 
91.8 35.4 6.48910442094 
125.4 -126.6 5.60553684035 
133.8 66.6 6.10454884979 
-78.6 161.4 6.53513080998 
-136.2 -65.4 6.39341291143 
139.8 -19.8 6.58297848071 
94.2 -85.8 6.71639090787 
133.8 89.4 6.08040342367 
-71.4 21.0 6.51488162203 
-0.6 -108.6 6.36565936012 
-107.4 115.8 6.68272888347 
-25.8 77.4 6.23797322439 
154.2 69.0 6.48054859418 
-48.6 10.2 6.34565682733 
-145.8 -169.8 6.48908985623 
91.8 -173.4 6.94021803194 
127.8 169.8 7.22374968976 
-94.2 -69.0 6.40422778023 
78.6 -65.4 6.44341560972 
45.0 52.2 6.23415868537 
-177.0 -15.0 7.53903973582 
168.6 -161.4 7.6168636897 
16.2 102.6 6.09607520237 
-97.8 -21.0 6.46238110164 
-144.6 -41.4 6.43421022468 
-127.8 29.4 6.39214615096 
-70.2 -83.4 6.35925579128 
65.4 49.8 6.41848685373 
64.2 31.8 6.55410548442 
57.0 120.6 6.38965781172 
-18.6 132.6 6.1900882843 
90.6 -24.6 6.59370302865 
-130.2 106.2 6.32012006219 
-57.0 -133.8 6.16675107869 
114.6 -19.8 6.35595583281 
75.0 69.0 6.27444788659 
-40.2 31.8 6.44147637195 
45.0 -83.4 6.48962862006 
100.2 -150.6 6.33588991556 
-94.2 40.2 6.38969206806 
-132.6 10.2 6.24359290556 
72.6 -53.4 6.26241026991 
-40.2 -111.0 6.07840415596 
-145.8 65.4 6.01863187566 
36.6 -60.6 6.50145759488 
-112.2 -102.6 6.27445778801 
108.6 101.4 6.34373103018 
123.0 -113.4 5.48456995904 
-59.4 99.0 6.17781765892 
-16.2 -129.0 6.23415868537 
175.8 -12.6 7.46288551563 
-177.0 33.0 7.52063459693 
29.4 3.0 6.59034624539 
-25.8 40.2 6.13018768974 
-19.8 93.0 6.03636540436 
100.2 159.0 6.26609308355 
-144.6 -111.0 6.16539513892 
-83.4 131.4 6.53585533502 
-81.0 154.2 6.22919664477 
55.8 -89.4 6.6762930613 
165.0 -109.8 6.7874651679 
-67.8 127.8 6.36412450972 
133.8 93.0 6.27567415404 
-115.8 149.4 6.7308781332 
-159.0 -79.8 6.73007937485 
-171.0 145.8 6.75579029476 
-23.4 13.8 6.29454327113 
90.6 169.8 6.68194460829 
37.8 165.0 6.4447848723 
31.8 37.8 6.47918742603 
96.6 81.0 6.29605988619 
145.8 -66.6 6.57196033967 
-1.8 -169.8 7.1812667323 
-96.6 -85.8 6.19763632052 
121.8 -111.0 6.06547542962 
114.6 120.6 6.03018938542 
-177.0 -7.8 7.60510545946 
60.6 48.6 6.13001192703 
-163.8 144.6 6.62647414047 
132.6 -129.0 6.06535740536 
-168.6 -118.2 7.19917973035 
9.0 -25.8 6.1122274667 
-137.4 -139.8 5.99327551274 
65.4 10.2 6.30962512727 
127.8 168.6 6.54169472971 
5.4 127.8 6.3441204147 
165.0 6.6 6.90787179272 
-94.2 -112.2 6.45945663148 
30.6 39.0 6.34612014942 
-82.2 -37.8 6.09699002618 
82.2 -107.4 6.22520182248 
109.8 47.4 6.16539513892 
-120.6 72.6 6.5671157294 
31.8 -40.2 6.39578739214 
137.4 -108.6 6.01793200549 
-39.0 129.0 6.19019556195 
-57.0 121.8 6.45354499542 
30.6 23.4 6.37222159591 
-19.8 -73.8 6.69384813704 
-76.2 -102.6 6.64360617115 
65.4 57.0 6.61513559234 
49.8 -103.8 6.60066511785 
-52.2 -161.4 7.21574956361 
178.2 31.8 6.99929258905 
130.2 -125.4 5.89925911793 
-96.6 -112.2 6.35964154531 
-159.0 -171.0 7.33889745141 
53.4 30.6 5.94464414863 
109.8 -172.2 6.81438858268 
113.4 41.4 5.94464414863 
-130.2 34.2 6.29494292282 
22.2 79.8 6.39899044738 
169.8 -169.8 7.80794152198 
55.8 156.6 6.10123751058 
-27.0 -57.0 6.48100721071 
-19.8 174.6 7.31543432321 
114.6 -115.8 5.42485307705 
-127.8 69.0 6.25895360148 
51.0 -129.0 6.45614239866 
90.6 100.2 6.354167517 
109.8 -61.8 6.47101287508 
-78.6 -31.8 6.07229741359 
153.0 7.8 5.95557236412 
73.8 161.4 6.48434984415 
120.6 42.6 6.59432359692 
-37.8 81.0 6.23114152383 
-131.4 47.4 5.98227611874 
103.8 -93.0 6.4438584828 
67.8 -69.0 6.57709500908 
75.0 108.6 6.4515278719 
-72.6 -173.4 6.50582571529 
106.2 138.6 6.33901151077 
51.0 132.6 6.42420868051 
100.2 -53.4 6.38895363309 
-153.0 -70.2 6.07936819421 
151.8 111.0 6.13281228149 
144.6 67.8 6.47131675903 
-30.6 166.2 6.49361813188 
-31.8 -6.6 6.00634795979 
46.2 17.4 6.17274276028 
29.4 16.2 6.1430840086 
-119.4 -151.8 5.69958473168 
-39.0 -15.0 6.39623334677 
37.8 167.4 6.94332557214 
66.6 33.0 6.26077356481 
-97.8 -22.2 6.45985882414 
-90.6 90.6 6.4828991225 
159.0 9.0 5.80500851403 
-123.0 -156.6 6.0246693646 
12.6 88.2 6.52310553295 
178.2 67.8 7.15866728881 
43.8 1.8 5.78371795211 
-136.2 -69.0 6.26077356481 
-137.4 -47.4 6.135211239 
-52.2 -39.0 5.99425737619 
-59.4 125.4 6.32158616113 
125.4 169.8 6.83502276866 
-23.4 -15.0 6.36681484319 
-39.0 100.2 6.25818626593 
-51.0 19.8 6.29385934711 
-58.2 109.8 6.56493645809 
-109.8 125.4 6.87233795319 
-145.8 -51.0 6.28566654971 
64.2 96.6 6.65473233912 
-113.4 -89.4 6.20336248987 
-103.8 -70.2 6.69544626918 
100.2 -49.8 6.38107406803 
-46.2 42.6 5.89133918601 
111.0 149.4 6.5120455005 
57.0 94.2 6.58099635293 
67.8 -145.8 6.23292774376 
121.8 10.2 6.33562424873 
-1.8 52.2 6.18355986257 
60.6 5.4 6.43222242315 
163.8 -51.0 6.69124145931 
10.2 -90.6 6.72283567391 
133.8 -120.6 5.99656138082 
87.0 -150.6 6.67409234718 
-139.8 154.2 6.58327300978 
69.0 7.8 6.36412450972 
46.2 -121.8 6.08482085781 
-82.2 178.2 6.77516717428 
-150.6 -126.6 6.12099861586 
-143.4 -7.8 6.4817954303 
159.0 71.4 6.75215553164 
-85.8 -83.4 6.24019593494 
-49.8 102.6 6.20172242958 
112.2 -120.6 6.145622151 
101.4 -144.6 6.51305162273 
35.4 -173.4 7.63075531227 
55.8 179.4 7.14105002429 
-91.8 -66.6 6.4992966012 
-57.0 -149.4 6.17690153106 
155.4 168.6 6.62669358323 
-3.0 -120.6 6.71480837055 
-61.8 -114.6 6.35652613234 
132.6 60.6 5.95095122274 
-89.4 91.8 6.43902376629 
-90.6 9.0 6.24647922093 
112.2 168.6 6.89070296349 
66.6 -15.0 6.24839515491 
-154.2 -84.6 6.3333984979 
70.2 -29.4 6.52872252981 
51.0 63.0 6.16151599185 
-105.0 21.0 6.24359290556 
139.8 -132.6 6.2031354669 
-84.6 53.4 6.59485272936 
87.0 118.2 6.39899044738 
0.6 -49.8 6.28805270052 
-118.2 -126.6 6.47110713582 
178.2 -179.4 7.20504370702 
72.6 -123.0 6.44135116935 
-49.8 101.4 6.00866912613 
-142.2 95.4 6.45290235769 
171.0 52.2 6.70172307349 
58.2 -34.2 6.51034758208 
-89.4 -78.6 6.21425354918 
88.2 34.2 6.61986315454 
-156.6 -52.2 6.57934044696 
108.6 -46.2 6.3451449167 
155.4 64.2 6.29533644727 
75.0 -30.6 6.31975856209 
139.8 -179.4 6.85239271912 
21.0 -48.6 5.66926097509 
-46.2 37.8 6.29951209349 
-4.2 -102.6 6.54363001847 
-69.0 100.2 6.46405404073 
-171.0 -95.4 6.6106876012 
109.8 123.0 6.41260593929 
25.8 -81.0 6.62283132201 
53.4 121.8 6.32772660492 
-179.4 -72.6 7.09098976106 
150.6 -82.2 6.46803821056 
174.6 -178.2 7.72781043867 
-145.8 5.4 6.26066524751 
100.2 75.0 5.65772259352 
-115.8 148.2 6.61930635754 
-144.6 9.0 6.0568766746 
-115.8 124.2 6.39877348815 
70.2 -131.4 5.820756871 
-114.6 47.4 6.29277693118 
58.2 130.2 6.33366605891 
169.8 49.8 7.03648917054 
118.2 -100.2 6.06003462326 
-82.2 -29.4 5.99556164342 
-133.8 -63.0 6.32962579398 
-11.4 7.8 6.10191529117 
-47.4 159.0 6.49885710369 
-25.8 168.6 6.18821267667 
4.2 6.6 6.42900399825 
129.0 -94.2 6.01922357533 
-141.0 84.6 5.99908323705 
-160.2 149.4 5.78681930506 
-156.6 113.4 6.08079493441 
-113.4 67.8 6.09647051352 
160.2 1.8 6.41260593929 
61.8 28.2 6.67846661986 
-40.2 -19.8 6.36290757228 
-172.2 -89.4 6.4483453738 
7.8 75.0 6.21706174646 
27.0 141.0 6.48078753981 
-123.0 84.6 6.00918266977 
-101.4 -131.4 6.19215689486 
-21.0 -43.8 5.87126762279 
-25.8 149.4 6.25657407216 
-173.4 -150.6 7.43170904582 
105.0 -100.2 5.85581217654 
79.8 -107.4 6.50679291929 
-124.2 13.8 6.19589518279 
-35.4 -145.8 6.50013969242 
88.2 71.4 6.5176839786 
-119.4 -79.8 6.36748550401 
23.4 -171.0 7.09670656742 
-82.2 -111.0 6.59460247265 
108.6 -63.0 6.27143392376 
-21.0 -179.4 6.94496707891 
-174.6 -69.0 7.13611565071 
36.6 100.2 6.19705642819 
-165.0 58.2 6.59690888657 
-73.8 -168.6 6.03076753213 
-160.2 -0.6 6.77037619053 
162.6 46.2 6.43371780152 
-142.2 -174.6 6.53955820201 
59.4 115.8 6.52615910543 
-90.6 -179.4 6.89939395338 
63.0 3.0 6.29739606668 
-45.0 22.2 6.15346467287 
-120.6 -24.6 6.19530642914 
75.0 -71.4 5.95452221299 
-84.6 -165.0 6.03264168369 
-35.4 -168.6 6.66305558672 
69.0 143.4 6.04308422144 
-139.8 -7.8 6.20308596539 
-105.0 93.0 6.24828143703 
41.4 -159.0 6.58285370565 
-22.2 123.0 6.58943522158 
-13.8 65.4 6.03014158889 
31.8 -112.2 6.36085702337 
36.6 -127.8 6.34576192441 
-47.4 -157.8 6.82868332708 
-141.0 66.6 6.08974885848 
119.4 -153.0 6.63904039191 
5.4 22.2 6.53075606016 
139.8 102.6 6.32884970902 
160.2 -144.6 6.38014300341 
137.4 -87.0 6.39163403514 
165.0 -139.8 6.58285073162 
30.6 -87.0 6.64497916577 
-35.4 -36.6 6.52519306597 
-54.6 -144.6 6.23660865743 
-113.4 -172.2 6.60695922242 
157.8 -18.6 5.820756871 
-4.2 69.0 5.94062689924 
137.4 -121.8 5.83123467675 
-172.2 -107.4 7.38387999712 
60.6 108.6 6.27444788659 
-97.8 40.2 6.34284551341 
117.0 -24.6 6.49608138755 
-61.8 -111.0 6.18178895606 
-61.8 -90.6 6.32378301769 
42.6 28.2 6.22938501883 
-7.8 -15.0 6.6347687709 
165.0 61.8 6.37966347609 
39.0 96.6 6.30112478209 
-77.4 100.2 6.57852505676 
-75.0 -131.4 6.61103622859 
-118.2 169.8 6.62087097686 
-76.2 -39.0 6.18395886395 
-85.8 131.4 6.48100359904 
133.8 -87.0 6.04308422144 
16.2 156.6 6.54324356275 
78.6 -39.0 6.39909606107 
-48.6 -150.6 6.22405247307 
58.2 65.4 6.39705207941 
97.8 -1.8 6.16670989962 
-113.4 129.0 6.27950539376 
85.8 -120.6 6.30392019096 
58.2 143.4 6.0298507169 
33.0 5.4 6.41931805814 
27.0 156.6 6.12612929307 
-139.8 -167.4 6.63718730135 
-1.8 -161.4 6.90734343024 
141.0 112.2 6.10217137848 
113.4 35.4 6.60214839681 
-81.0 -85.8 6.56083028805 
-159.0 51.0 6.24828143703 
171.0 13.8 7.10156440869 
-83.4 19.8 6.37184558441 
48.6 -22.2 6.57135462509 
65.4 12.6 5.9603320575 
-137.4 -55.8 6.48181936429 
-47.4 126.6 6.23798258768 
89.4 126.6 6.18338710874 
103.8 173.4 7.03348686552 
-107.4 -54.6 6.56425208286 
-171.0 89.4 6.90574528627 
-63.0 46.2 6.35545404181 
94.2 -1.8 6.43531839948 
-124.2 -175.8 7.28142631376 
172.2 -168.6 7.73276592742 
-40.2 67.8 5.92524073769 
-132.6 36.6 6.18122033818 
19.8 150.6 6.36745438222 
0.6 -143.4 6.63900463732 
149.4 75.0 6.19039644113 
-117.0 -75.0 6.36514858365 
-177.0 177.0 7.98758784601 
119.4 133.8 6.20076710592 
132.6 -0.6 6.32386751825 
-138.6 60.6 6.37720346746 
53.4 89.4 6.62670142731 
-150.6 0.6 6.18338710874 
-179.4 15.0 7.20529967428 
-22.2 -27.0 6.23410280892 
-124.2 36.6 6.12146462028 
179.4 -12.6 6.94122175861 
35.4 -63.0 6.29505436937 
11.4 -57.0 6.31607580783 
95.4 -132.6 6.10686978298 
147.0 143.4 6.520423727 
173.4 -112.2 6.99694885464 
19.8 -6.6 6.48019976873 
-107.4 -3.0 6.42852775818 
-17.4 169.8 6.96617449997 
63.0 55.8 6.5032635463 
-123.0 148.2 6.74310505723 
58.2 -125.4 6.21425354918 
33.0 127.8 6.31159722299 
-76.2 -11.4 6.29575424554 
-156.6 121.8 5.86954703517 
41.4 -117.0 6.57852505676 
-85.8 -96.6 6.40681125049 
-127.8 177.0 7.28679471514 
163.8 127.8 7.03571421408 
-1.8 -22.2 6.40494306655 
-66.6 -169.8 6.83420787214 
-168.6 -169.8 7.29863784797 
130.2 171.0 6.84021355769 
-55.8 -127.8 6.28312867306 
-12.6 -24.6 6.64653140162 
-133.8 45.0 6.09310321083 
-148.2 3.0 6.66085310694 
16.2 93.0 6.13332582513 
-0.6 -3.0 6.29066041641 
179.4 -36.6 7.03215869133 
-172.2 150.6 6.86995843384 
141.0 3.0 6.29377390629 
-25.8 115.8 6.46205581668 
-75.0 135.0 6.52307068747 
28.2 -16.2 6.50100860369 
75.0 -27.0 6.21256061473 
-40.2 -58.2 6.13056770377 
157.8 -64.2 6.2560427477 
57.0 -37.8 6.46795603437 
151.8 -150.6 6.0420603003 
-49.8 151.8 6.37145359921 
129.0 79.8 6.11072378776 
-57.0 61.8 6.30392019096 
42.6 132.6 6.18211395819 
-137.4 -23.4 6.16539513892 
59.4 147.0 5.8398687708 
-115.8 97.8 6.75010842057 
9.0 148.2 6.24545824062 
-148.2 72.6 6.48157125202 
88.2 -58.2 6.26262389301 
-0.6 1.8 6.4192478233 
135.0 -126.6 6.2132201637 
-16.2 113.4 6.44790284373 
-36.6 -76.2 6.35575626005 
-24.6 -141.0 6.50945576528 
-28.2 173.4 6.81975560456 
143.4 -111.0 5.98356089765 
-67.8 66.6 6.18639652763 
163.8 88.2 6.54937571837 
174.6 -84.6 7.44125111913 
-71.4 177.0 7.25822242269 
171.0 -135.0 7.05265994267 
-46.2 -166.2 7.07032404881 
-119.4 -178.2 6.9532185062 
15.0 -35.4 6.19196216723 
-143.4 73.8 6.06369053324 
58.2 162.6 6.56477453058 
-79.8 71.4 6.45501458177 
-167.4 10.2 6.82579309349 
112.2 -84.6 6.58992250143 
16.2 89.4 6.44839887455 
82.2 -153.0 6.60208863685 
174.6 39.0 7.56389531941 
-57.0 -168.6 6.03561507179 
107.4 103.8 6.01717051761 
-43.8 151.8 6.41586018412 
179.4 75.0 7.21782584311 
24.6 162.6 6.59231706685 
-17.4 141.0 6.34912146847 
47.4 142.2 6.11006954532 
-55.8 -57.0 6.19341215902 
-113.4 -19.8 6.28487111639 
43.8 -71.4 6.25917323181 
-109.8 -15.0 6.494165113 
6.6 168.6 6.86467602599 
157.8 108.6 6.25583413642 
-139.8 -5.4 6.50330163552 
75.0 -121.8 6.12251490902 
-37.8 72.6 5.95452221299 
-43.8 -168.6 6.74753480051 
24.6 123.0 6.04900769151 
-119.4 -167.4 6.29505436937 
-96.6 -67.8 6.48019976873 
-177.0 -52.2 7.54325519527 
-7.8 16.2 6.36095592612 
-156.6 3.0 6.49824540548 
79.8 -119.4 6.43862432535 
-4.2 -179.4 7.11789631209 
155.4 0.6 6.10549699734 
-95.4 -169.8 6.70316750197 
-22.2 -0.6 6.42588350207 
-49.8 -156.6 6.59976176147 
41.4 88.2 6.44354782364 
113.4 -34.2 6.31844947588 
10.2 150.6 6.11570645582 
22.2 40.2 6.22919664477 
-64.2 -171.0 6.22605451298 
109.8 52.2 6.15391494114 
-22.2 53.4 6.28124311575 
-174.6 -23.4 7.43158324168 
-78.6 -161.4 6.20172242958 
-39.0 -108.6 6.25002217712 
-115.8 -53.4 6.60587669063 
-31.8 -145.8 6.51348123619 
3.0 -59.4 6.48923663487 
66.6 60.6 6.38440744367 
-11.4 -111.0 6.09418606276 
101.4 -165.0 7.20148012316 
-147.0 -135.0 5.98682490762 
-75.0 -77.4 6.56188271013 
168.6 -40.2 6.89081412828 
139.8 -88.2 6.1637739918 
-5.4 -7.8 6.25005643346 
-3.0 -11.4 6.75566277645 
-61.8 4.2 6.5357798738 
-97.8 -167.4 6.48928765267 
-125.4 175.8 7.56356569484 
19.8 -11.4 6.53284809359 
-141.0 -179.4 6.82427944641 
160.2 -81.0 6.20583664127 
-108.6 -13.8 6.43140102714 
-136.2 -58.2 6.3451449167 
82.2 -149.4 6.35032518665 
89.4 -16.2 6.25995606466 
24.6 143.4 6.27933127663 
-12.6 -61.8 6.53520826138 
-175.8 79.8 7.5065567224 
179.4 -173.4 7.82290175596 
84.6 49.8 6.37410225012 
-1.8 63.0 6.46372655616 
-137.4 23.4 6.36095592612 
175.8 -16.2 7.4258742922 
136.2 -172.2 6.27709913586 
-155.4 -150.6 6.27534576746 
-78.6 -169.8 6.74805280723 
-126.6 123.0 6.46545966015 
-171.0 -102.6 6.56359952238 
-49.8 -33.0 5.98706432374 
40.2 -145.8 6.63860302348 
-89.4 -47.4 6.45070314974 
99.0 -111.0 5.95936683995 
115.8 -107.4 5.90430913953 
87.0 10.2 6.37734112241 
-23.4 -96.6 6.62879605557 
4.2 103.8 6.55441423616 
131.4 -117.0 6.0766446287 
-100.2 -73.8 6.24101561807 
-45.0 -0.6 6.25487599264 
-95.4 41.4 6.44341560972 
7.8 -71.4 6.28936191883 
126.6 171.0 6.50503543146 
-48.6 -12.6 6.27522556712 
172.2 117.0 6.99021149554 
-166.2 -149.4 6.94546568159 
177.0 -18.6 7.19939135296 
-113.4 22.2 6.31836315254 
-95.4 4.2 6.47197344137 
127.8 -47.4 6.32784256009 
-73.8 51.0 6.33808797772 
-101.4 174.6 6.70163426761 
173.4 13.8 7.12000012563 
157.8 144.6 6.26487446759 
-167.4 -121.8 6.59592237679 
121.8 77.4 6.36290757228 
-99.0 -161.4 6.50003826315 
12.6 129.0 5.92084032956 
125.4 177.0 7.19939135296 
-72.6 165.0 6.42702398737 
175.8 53.4 7.46951780351 
-91.8 -123.0 6.64163042219 
-169.8 -169.8 7.31494633796 
-159.0 -111.0 6.79017243172 
149.4 70.2 6.44135116935 
-46.2 -99.0 6.21452260488 
-175.8 131.4 7.40530520376 
-16.2 82.2 5.95634075994 
-5.4 49.8 6.34373103018 
30.6 69.0 6.4911835431 
24.6 46.2 6.31777836314 
-125.4 -148.2 6.23100145576 
-175.8 -78.6 6.91555945947 
60.6 178.2 7.21749835854 
-25.8 72.6 6.09694748696 
-5.4 19.8 6.64424675962 
-27.0 52.2 6.2132201637 
-70.2 64.2 6.00187940953 
117.0 153.0 6.22298538477 
91.8 -177.0 7.14732149291 
167.4 -150.6 6.13691938228 
-148.2 -52.2 6.26998414791 
-61.8 145.8 6.12860348613 
-46.2 -71.4 6.0459550355 
34.2 -99.0 6.30592009983 
29.4 55.8 6.31443591048 
0.6 91.8 6.18178895606 
137.4 -1.8 6.41931805814 
-150.6 105.0 6.20753189414 
-117.0 43.8 6.50663894718 
-136.2 -71.4 6.26077356481 
132.6 -25.8 6.14427874827 
75.0 71.4 6.10460794328 
-106.2 42.6 6.3978425805 
46.2 -81.0 6.70021804862 
147.0 22.2 6.5768413606 
-24.6 -160.2 6.83502276866 
117.0 -118.2 5.68730837752 
-27.0 -95.4 6.48693839228 
-120.6 100.2 6.48612487856 
-162.6 5.4 6.79653096528 
-33.0 -39.0 6.2152154428 
138.6 -60.6 6.5551195993 
28.2 175.8 7.39091112179 
37.8 147.0 6.03148325413 
-174.6 -31.8 7.44935163246 
179.4 -135.0 6.88778099215 
-66.6 -52.2 6.20491557539 
112.2 31.8 6.46418400868 
7.8 114.6 6.55318777782 
-88.2 -65.4 6.1637739918 
139.8 65.4 6.06017605306 
12.6 -11.4 6.56698109995 
45.0 -172.2 6.89991802473 
70.2 -60.6 6.34017327412 
-167.4 -43.8 7.18064375014 
-37.8 6.6 6.52996069902 
-87.0 66.6 6.30362905334 
-25.8 48.6 6.08974885848 
-1.8 -133.8 6.56262408149 
-163.8 141.0 6.22742453349 
60.6 165.0 6.67455034523 
-33.0 -25.8 6.07014692351 
147.0 55.8 6.32131193368 
49.8 -159.0 6.38145086184 
31.8 -39.0 6.26466365847 
103.8 -121.8 6.18570840003 
-142.2 -6.6 6.48058449803 
-12.6 -75.0 6.71725908073 
-108.6 4.2 6.48391078377 
-5.4 118.2 6.22923356203 
33.0 53.4 6.36249565017 
-78.6 -108.6 6.4854172372 
-51.0 58.2 5.91815456882 
-123.0 33.0 6.30112478209 
51.0 -19.8 6.30638353478 
-135.0 59.4 6.19349681941 
137.4 10.2 6.49286257589 
125.4 -58.2 6.50072014357 
64.2 -161.4 6.66162545982 
-148.2 129.0 6.51374311026 
-51.0 105.0 6.23660865743 
-150.6 67.8 5.84254902184 
-58.2 -5.4 6.20969135388 
-120.6 -46.2 6.52158206596 
90.6 21.0 6.39134410583 
-10.2 33.0 5.92524073769 
15.0 -36.6 6.48181936429 
-112.2 -130.2 6.40099596248 
-121.8 -93.0 6.31237839488 
-60.6 -144.6 6.17950027283 
-60.6 -10.2 6.16647803245 
-121.8 -34.2 6.47519416974 
-118.2 19.8 6.33471208823 
-118.2 -37.8 6.58892977034 
-34.2 -27.0 6.02229872773 
167.4 48.6 6.48209715279 
36.6 -66.6 6.22911095331 
-71.4 -151.8 6.44419387726 
127.8 -11.4 6.2730877675 
115.8 -30.6 6.60799212179 
-11.4 41.4 6.44627346994 
10.2 -142.2 6.73308194403 
87.0 102.6 6.01253131488 
130.2 111.0 6.22520182248 
-10.2 -51.0 6.51066783673 
67.8 127.8 6.26217484166 
133.8 -52.2 6.35088475163 
31.8 -106.2 6.50363349047 
-31.8 49.8 6.24143843343 
135.0 -99.0 6.18639652763 
120.6 53.4 6.26741391984 
1.8 42.6 6.40111929791 
-147.0 75.0 5.98136048086 
103.8 -25.8 6.38806551463 
-99.0 -150.6 6.24143843343 
18.6 142.2 6.23678217842 
-66.6 -155.4 6.29605988619 
-64.2 -136.2 6.48571923665 
-88.2 60.6 6.40233762771 
16.2 151.8 5.91642648405 
51.0 31.8 6.11942051915 
79.8 -52.2 5.98227611874 
-49.8 107.4 6.2966231659 
-72.6 59.4 6.25002217712 
57.0 -97.8 6.53770424958 
167.4 -166.2 7.4670662362 
-7.8 -64.2 6.47793707961 
-107.4 28.2 6.39114726992 
-147.0 -142.2 6.5249347305 
-1.8 179.4 7.09098976106 
34.2 -105.0 6.5800158242 
-88.2 69.0 6.06833544798 
136.2 -45.0 6.35279219752 
-144.6 -143.4 6.43632244876 
41.4 -28.2 6.24235618006 
-7.8 111.0 6.28936191883 
131.4 -118.2 5.96395242626 
-99.0 -79.8 5.90150098777 
112.2 -126.6 5.96923912033 
-47.4 13.8 6.11942051915 
-155.4 -132.6 6.36349087717 
-171.0 -154.2 7.37996958812 
-147.0 37.8 6.68197090398 
-175.8 -157.8 7.83704859358 
-64.2 -58.2 6.1403925913 
42.6 144.6 6.23437279132 
-127.8 90.6 6.41141287863 
-67.8 88.2 6.45421820537 
103.8 19.8 6.34565682733 
115.8 -6.6 6.28009407303 
95.4 35.4 6.07817554125 
-76.2 -23.4 6.36431411713 
94.2 -148.2 6.24647922093 
-108.6 43.8 6.43005664113 
-178.2 -138.6 7.19424207874 
143.4 -161.4 6.57852505676 
156.6 -120.6 6.48850962647 
-81.0 -65.4 6.14299022377 
-174.6 -103.8 7.05485071649 
-78.6 119.4 6.34017327412 
85.8 177.0 7.25822242269 
-73.8 -95.4 6.65598665068 
-61.8 -96.6 6.35595583281 
79.8 -159.0 6.15422371251 
82.2 174.6 7.23173488964 
-46.2 -9.0 6.50020566624 
123.0 -174.6 6.49299996221 
-142.2 46.2 6.36095592612 
-30.6 -115.8 6.50635647814 
-3.0 63.0 6.33260765089 
-33.0 -127.8 6.49973491621 
97.8 -4.2 6.30743408201 
139.8 -124.2 5.41475202878 
-89.4 157.8 5.91776258362 
175.8 -78.6 7.56873633077 
63.0 4.2 6.46051420305 
-18.6 72.6 6.23783127057 
155.4 159.0 6.54793549067 
-33.0 -149.4 6.5221652832 
-105.0 157.8 6.14808407659 
-150.6 71.4 6.29008749407 
-60.6 41.4 6.13332582513 
139.8 -169.8 7.05470287132 
77.4 29.4 6.16675107869 
63.0 61.8 6.59519338604 
-19.8 -97.8 6.49969863661 
-82.2 64.2 6.13332582513 
113.4 160.2 6.10217137848 
-67.8 -45.0 6.18468618972 
91.8 123.0 6.41001089281 
107.4 -102.6 5.97978680294 
19.8 -123.0 6.66590684578 
118.2 177.0 7.29178086932 
136.2 95.4 5.99542389938 
9.0 133.8 5.88635415348 
12.6 -119.4 6.26469030798 
-46.2 160.2 6.55275257103 
27.0 153.0 6.36745438222 
-144.6 -30.6 6.28014379861 
-65.4 7.8 6.33528660672 
-166.2 0.6 7.45288177347 
71.4 15.0 6.23216420973 
137.4 -163.8 6.3748753628 
-149.4 108.6 6.39986453427 
123.0 61.8 6.34101802132 
112.2 -153.0 6.77518560333 
177.0 45.0 7.19054176977 
162.6 123.0 5.81129647834 
-151.8 -94.2 5.91642648405 
-27.0 -166.2 6.87488888927 
-59.4 -123.0 6.37955480116 
18.6 65.4 6.3205509062 
91.8 -155.4 6.34565682733 
96.6 178.2 7.00727841092 
78.6 -53.4 6.07817554125 
-59.4 -75.0 6.37450060924 
21.0 -5.4 6.33488153696 
-144.6 43.8 6.61767500872 
165.0 46.2 6.73816430334 
-82.2 96.6 6.64319675618 
-127.8 -117.0 6.00686119868 
159.0 179.4 6.80387096832 
-42.6 -29.4 6.2525551104 
-79.8 -77.4 6.26939878391 
24.6 -37.8 6.29533644727 
9.0 124.2 6.30962512727 
-5.4 178.2 7.14979031616 
111.0 61.8 6.52996510716 
94.2 148.2 6.29906091637 
-11.4 -129.0 6.31297210159 
-16.2 -35.4 6.35188584458 
167.4 118.2 6.91784259915 
-114.6 55.8 5.6662627526 
-166.2 -113.4 6.99700692342 
99.0 60.6 5.99327551274 
-139.8 29.4 6.61215032703 
165.0 -64.2 7.02926893999 
24.6 -23.4 6.07817554125 
-37.8 -132.6 6.18743152718 
119.4 165.0 6.68245552474 
67.8 -24.6 6.27802554932 
163.8 28.2 6.28592787679 
-145.8 -35.4 6.32509161941 
-89.4 -119.4 6.47041916837 
-142.2 -10.2 5.87883053105 
-113.4 -160.2 5.91512005563 
-144.6 -42.6 6.07839686513 
-17.4 129.0 6.45260773619 
-126.6 35.4 6.59880952341 
18.6 -45.0 5.53427735293 
-113.4 4.2 6.33901151077 
-53.4 22.2 6.31339621839 
-28.2 -16.2 6.1171930371 
1.8 -58.2 6.45977480659 
-83.4 -135.0 6.72803671504 
163.8 10.2 6.30633635487 
-166.2 118.2 5.9603320575 
-10.2 -43.8 6.53734636057 
-131.4 -155.4 6.09604094603 
-35.4 -169.8 6.72138895679 
113.4 15.0 6.27522556712 
-139.8 -151.8 6.34020416373 
-72.6 112.2 6.27492015864 
31.8 -69.0 6.47195055266 
12.6 136.2 6.23656681726 
-153.0 5.4 6.4842704879 
172.2 -34.2 6.94021803194 
99.0 48.6 6.21740092751 
100.2 -58.2 6.42890138973 
101.4 118.2 6.2525551104 
-59.4 -159.0 5.76796959515 
-77.4 -53.4 6.31430369656 
100.2 -45.0 6.21193554858 
-141.0 -85.8 6.67314737943 
-127.8 -159.0 6.1995913235 
96.6 70.2 6.64960702163 
11.4 -101.4 6.29739606668 
155.4 -107.4 6.29503643789 
-33.0 84.6 6.50187832213 
115.8 -115.8 5.62008617554 
-160.2 -111.0 6.7375269301 
-59.4 60.6 6.20295399392 
-121.8 29.4 6.30962512727 
-0.6 -123.0 6.10549699734 
-59.4 -100.2 6.45990960428 
-171.0 -171.0 7.19122621748 
168.6 125.4 6.4917590637 
111.0 70.2 6.3245550339 
4.2 -34.2 6.07159746611 
-18.6 155.4 6.14828332057 
-93.0 -70.2 6.29505436937 
-97.8 161.4 6.02145949934 
-106.2 142.2 6.42289596824 
-174.6 -136.2 6.95182692086 
55.8 157.8 6.27522556712 
-88.2 12.6 6.39341291143 
139.8 -121.8 5.56411928563 
12.6 85.8 6.03148325413 
-69.0 -31.8 6.32812062942 
67.8 -67.8 6.30633635487 
61.8 17.4 6.29180287673 
39.0 -18.6 6.37537915495 
-102.6 23.4 6.12748918646 
60.6 137.4 6.45798719939 
72.6 136.2 6.23808024242 
-61.8 -7.8 6.6459638592 
17.4 -136.2 6.62392139765 
-147.0 61.8 6.18920628352 
96.6 64.2 6.31493426553 
54.6 -155.4 6.70808176257 
-120.6 91.8 6.62340501225 
127.8 118.2 6.41545784171 
-142.2 21.0 6.37014005005 
81.0 -151.8 6.64687588358 
-0.6 126.6 6.27677677948 
-150.6 3.0 6.03264168369 
109.8 -120.6 6.02724480044 
48.6 -42.6 6.46708212583 
-117.0 -100.2 5.62263127371 
-57.0 -123.0 6.20941404624 
-81.0 25.8 6.30786736655 
118.2 21.0 6.20941404624 
-34.2 166.2 6.68443903434 
-23.4 -25.8 6.02598978808 
-111.0 -24.6 6.39008737921 
-157.8 -75.0 6.29533644727 
34.2 12.6 6.50836482827 
-171.0 103.8 6.85668786139 
-51.0 -42.6 5.81855287987 
36.6 -167.4 7.23958787612 
177.0 -73.8 7.42202136064 
-127.8 65.4 5.87192806157 
166.2 73.8 6.92804619811 
59.4 -114.6 6.54056713264 
-48.6 73.8 5.97270355969 
-48.6 -162.6 6.11040698536 
-51.0 57.0 5.90053060421 
-66.6 -161.4 6.29374461488 
109.8 30.6 6.55355485726 
-12.6 54.6 6.43664276859 
153.0 147.0 6.29575424554 
91.8 -70.2 6.51384774659 
-19.8 -165.0 7.19271167376 
23.4 142.2 6.20608373623 
7.8 151.8 6.42609145312 
37.8 -59.4 6.27522556712 
16.2 -46.2 5.93348595457 
-34.2 89.4 6.45101637949 
-89.4 -25.8 6.00809059853 
-108.6 -171.0 6.88051257828 
-174.6 35.4 7.35815646933 
-125.4 28.2 6.15372650059 
-123.0 -115.8 6.45533741132 
-160.2 137.4 6.28818754252 
17.4 24.6 6.18771244716 
88.2 73.8 6.22724621422 
-109.8 -126.6 6.31361799148 
65.4 136.2 6.3193332555 
9.0 100.2 6.4831105077 
-99.0 -99.0 6.12560225899 
168.6 -41.4 6.50361594203 
4.2 -125.4 6.31237839488 
141.0 -0.6 6.44746496031 
142.2 -154.2 6.39831587447 
-111.0 -3.0 6.32221462857 
-83.4 75.0 6.34566645662 
61.8 -166.2 6.65638433354 
-6.6 21.0 6.45406164366 
-82.2 -45.0 6.11762486911 
-144.6 -19.8 6.44589708468 
-17.4 168.6 5.93671859679 
23.4 -73.8 6.90295997021 
-149.4 -90.6 6.12134460002 
156.6 -31.8 6.6873420107 
-165.0 -1.8 6.46729510348 
91.8 -169.8 6.32214251119 
-21.0 31.8 6.39535962791 
70.2 169.8 6.90698842999 
-52.2 1.8 6.40106910426 
-15.0 -30.6 6.46990507977 
153.0 -118.2 6.35538150544 
167.4 -159.0 7.23915604396 
-93.0 127.8 6.41028400223 
-49.8 -71.4 6.1752623089 
142.2 -57.0 5.92084032956 
167.4 -76.2 6.89904462742 
40.2 15.0 6.27571355237 
96.6 28.2 6.24545824062 
-93.0 -167.4 6.65120298124 
-3.0 -22.2 6.58374851018 
157.8 173.4 7.12485056719 
-83.4 30.6 6.59906834523 
151.8 81.0 6.34501637056 
136.2 -125.4 6.14434972585 
-31.8 155.4 6.19019556195 
-99.0 -94.2 6.60625324099 
-132.6 -101.4 6.39623334677 
-153.0 40.2 6.58311652515 
-115.8 51.0 6.11040698536 
-120.6 -41.4 6.36569560236 
-97.8 27.0 6.51687871722 
-4.2 -94.2 6.6055661819 
-121.8 88.2 6.21167276043 
-36.6 81.0 6.18459642525 
34.2 72.6 6.4626848318 
130.2 147.0 6.28424345327 
-17.4 -93.0 6.44327524478 
153.0 39.0 6.43901389631 
107.4 82.2 5.8493152346 
-29.4 -79.8 6.41486379654 
-179.4 -167.4 7.36334044777 
-40.2 -121.8 6.45996674055 
-145.8 -3.0 6.03839594802 
7.8 -121.8 6.03264168369 
9.0 81.0 6.51435651676 
-143.4 -155.4 6.41135995567 
-174.6 72.6 7.08950181999 
150.6 91.8 6.15873321602 
157.8 -10.2 6.24880700134 
133.8 148.2 6.38979126153 
59.4 24.6 6.18134597875 
70.2 101.4 6.72076528021 
-118.2 -17.4 6.4817954303 
94.2 -177.0 7.1852068501 
-49.8 48.6 6.26296605482 
-16.2 154.2 5.98706432374 
-157.8 150.6 7.00539448862 
113.4 162.6 6.38849185139 
150.6 -89.4 6.41586108601 
69.0 30.6 6.65598665068 
-48.6 121.8 6.30796249689 
23.4 100.2 5.88380141067 
1.8 -43.8 6.57287536035 
154.2 -40.2 6.2075287449 
-131.4 -37.8 6.24235618006 
27.0 34.2 6.27329886531 
-147.0 157.8 6.72322832136 
-72.6 72.6 6.29605988619 
-118.2 -144.6 6.11072378776 
-95.4 11.4 6.34878449141 
-162.6 59.4 6.03356941313 
25.8 -100.2 6.64860557799 
-107.4 -90.6 6.72859327757 
160.2 105.0 6.22178480065 
132.6 -21.0 6.13074433318 
162.6 -130.2 6.16749991002 
85.8 100.2 5.99930526342 
-28.2 63.0 6.27069832609 
-142.2 -150.6 5.99226254097 
-83.4 93.0 6.39028960354 
-102.6 -142.2 5.99226254097 
162.6 -18.6 5.80500851403 
136.2 6.6 6.47647647198 
90.6 4.2 6.24359290556 
-41.4 -153.0 6.57510421936 
49.8 4.2 6.00322828139 
-124.2 -130.2 6.354167517 
135.0 -35.4 6.15985602963 
144.6 178.2 7.10988250125 
51.0 90.6 6.3039544473 
-34.2 -77.4 6.62149374892 
9.0 -9.0 6.60088323399 
-167.4 70.2 6.84021355769 
-1.8 100.2 6.23216420973 
-95.4 95.4 6.19039644113 
-154.2 60.6 6.02043634723 
138.6 -39.0 6.37863955495 
101.4 1.8 6.36140326336 
-63.0 125.4 6.41093949416 
79.8 -114.6 6.58426719931 
-171.0 41.4 7.02383607341 
72.6 -144.6 6.35062989393 
-83.4 95.4 6.29505436937 
105.0 142.2 6.37184558441 
51.0 43.8 6.01823802738 
-48.6 -40.2 6.17693423449 
78.6 -52.2 6.59461094353 
147.0 46.2 6.46143845335 
-124.2 -18.6 6.38637909549 
96.6 -34.2 6.2304510779 
175.8 82.2 6.78617139122 
159.0 -65.4 6.44889945247 
78.6 148.2 6.37793473952 
-119.4 160.2 6.91026823392 
-162.6 -57.0 6.48923663487 
13.8 -161.4 6.95296368243 
-121.8 -101.4 5.77423685536 
-135.0 -71.4 6.37988678509 
-163.8 -36.6 7.18162330679 
-57.0 125.4 6.135211239 
102.6 -61.8 6.55199326033 
142.2 79.8 6.27838688896 
-121.8 90.6 6.44147637195 
175.8 -126.6 7.09438978246 
-95.4 179.4 6.73663282125 
1.8 46.2 6.51635101609 
-79.8 -76.2 6.15176996977 
-91.8 -163.8 6.40681125049 
-60.6 -179.4 6.94122175861 
144.6 129.0 6.40295706706 
97.8 160.2 6.04308422144 
36.6 -138.6 6.38849185139 
106.2 5.4 6.23335351071 
-147.0 -18.6 6.07191326345 
109.8 -34.2 6.27274975586 
-135.0 108.6 6.50151523865 
153.0 119.4 6.32221462857 
22.2 139.8 6.23114152383 
-149.4 25.8 6.53718374537 
-120.6 -76.2 6.40171171424 
120.6 133.8 6.2419725878 
77.4 173.4 7.25625184734 
-105.0 81.0 6.34640097302 
117.0 49.8 6.22724621422 
120.6 19.8 6.49264864697 
161.4 112.2 6.3205509062 
-36.6 172.2 6.98973230742 
-65.4 46.2 6.52123145803 
154.2 108.6 6.16414177672 
-168.6 -133.8 6.62559680158 
118.2 88.2 6.46387858425 
-57.0 67.8 6.42856783051 
-13.8 155.4 6.26077356481 
-40.2 -13.8 6.48051107305 
-89.4 -161.4 5.99059960282 
-150.6 113.4 6.225682245 
99.0 76.2 5.86954703517 
165.0 19.8 6.5800158242 
103.8 165.0 6.45290235769 
165.0 -63.0 6.69435687228 
-0.6 59.4 6.37486561131 
21.0 168.6 6.49450977136 
172.2 -28.2 6.53101091786 
-157.8 -139.8 6.37140932344 
-131.4 54.6 6.28969267509 
-83.4 172.2 6.55199326033 
93.0 69.0 6.17065068964 
-149.4 105.0 6.12903458501 
-0.6 -171.0 7.06696557128 
150.6 137.4 6.5081021376 
111.0 -121.8 5.8187493459 
93.0 61.8 5.93853990666 
169.8 -156.6 6.12413099545 
79.8 171.0 6.84000314196 
-37.8 -96.6 6.39736257757 
78.6 -96.6 6.36616249984 
77.4 -161.4 5.58872972204 
-157.8 -6.6 6.14601180531 
57.0 -71.4 6.6026723382 
-103.8 179.4 6.62976271144 
-155.4 77.4 6.16152854732 
5.4 39.0 6.0816775305 
36.6 -55.8 6.13277329584 
-35.4 165.0 6.32361967693 
100.2 -148.2 6.60533106665 
165.0 135.0 6.12146462028 
-4.2 163.8 6.54152057326 
-21.0 66.6 5.86842013993 
78.6 -115.8 6.49336928261 
141.0 -97.8 6.22303329455 
91.8 -6.6 6.41695785062 
0.6 -34.2 6.33651026864 
-129.0 -149.4 6.12767520496 
67.8 39.0 6.47552888229 
-67.8 165.0 6.58879250752 
145.8 155.4 6.54246877307 
73.8 41.4 6.06951662347 
-162.6 119.4 5.92524073769 
-132.6 -79.8 6.25657407216 
96.6 115.8 6.10662288498 
-42.6 147.0 6.36888338 
131.4 72.6 6.06056851392 
95.4 -173.4 7.09045406705 
29.4 144.6 6.70406963976 
88.2 -67.8 6.24235618006 
107.4 -103.8 5.84272739768 
46.2 -9.0 6.45484506761 
138.6 -96.6 6.33124687919 
173.4 -10.2 6.73694058485 
-19.8 -162.6 6.8054199127 
57.0 138.6 6.31962939469 
125.4 -93.0 5.89133918601 
-90.6 105.0 6.62807110935 
-29.4 79.8 6.09694748696 
-114.6 -25.8 6.26844775884 
114.6 -12.6 6.36608622841 
-65.4 -84.6 6.35964154531 
161.4 168.6 7.20492263754 
37.8 -126.6 6.24675728086 
47.4 -127.8 5.96177466064 
55.8 -22.2 6.3039544473 
-61.8 -95.4 6.28566654971 
-95.4 167.4 6.45072295151 
117.0 70.2 6.57701105893 
-161.4 -91.8 6.16578356494 
-4.2 -153.0 6.71575183561 
155.4 -156.6 6.41458732978 
-162.6 -125.4 6.75945319306 
133.8 -136.2 6.34617365961 
-23.4 129.0 6.48928765267 
45.0 153.0 5.98235181781 
-63.0 160.2 6.54512850101 
100.2 111.0 6.18639652763 
-27.0 -39.0 5.69548671002 
105.0 22.2 6.34612014942 
6.6 -53.4 6.15931662564 
-166.2 133.8 6.88933437217 
-119.4 -139.8 5.9194379924 
-49.8 -63.0 6.25917233272 
118.2 163.8 6.88415200455 
51.0 19.8 6.36796028765 
-88.2 -57.0 6.45266538209 
65.4 -167.4 6.25875862311 
-174.6 175.8 8.13618094701 
-67.8 42.6 6.28942418682 
165.0 129.0 6.82427914102 
7.8 89.4 6.43574800616 
70.2 148.2 6.04154675666 
71.4 107.4 6.1900882843 
-142.2 -59.4 6.33379567789 
31.8 89.4 6.31297210159 
121.8 -13.8 6.34524657644 
171.0 71.4 7.03264241749 
-70.2 57.0 5.94285059654 
43.8 -66.6 6.28424345327 
-48.6 45.0 6.03218475902 
103.8 -159.0 6.807947543 
-163.8 137.4 6.40816333709 
-51.0 -156.6 6.56031297084 
-51.0 120.6 5.96177466064 
36.6 147.0 6.04154675666 
55.8 130.2 5.72298098249 
-21.0 157.8 5.97107655065 
-84.6 -66.6 6.14601180531 
109.8 153.0 6.22086465448 
160.2 -142.2 6.15346467287 
-93.0 -30.6 6.19019556195 
88.2 -37.8 6.07191326345 
91.8 151.8 6.73897582629 
-53.4 -7.8 6.1122274667 
-118.2 100.2 6.55081733594 
-124.2 -163.8 6.27567702803 
-109.8 -84.6 6.38014300341 
-177.0 0.6 7.59700462969 
-162.6 -139.8 6.39093285825 
77.4 -96.6 6.38895363309 
145.8 -161.4 6.67337357881 
-89.4 109.8 6.4492585124 
-112.2 91.8 6.36412450972 
129.0 -172.2 7.3528664549 
163.8 -7.8 6.28245221525 
142.2 -16.2 6.17680230268 
-139.8 -161.4 6.54570708591 
64.2 3.0 6.38014300341 
124.2 99.0 6.40689562689 
142.2 -118.2 6.26955905734 
-118.2 11.4 6.32405719645 
150.6 159.0 5.86113095396 
37.8 -91.8 6.53246637269 
-103.8 -28.2 6.61126389826 
-61.8 118.2 6.16749991002 
-6.6 177.0 7.38349844219 
-67.8 96.6 6.5246242827 
126.6 -21.0 6.26102046281 
37.8 -63.0 6.5144645982 
-100.2 -102.6 6.56070939186 
118.2 66.6 6.43114109646 
5.4 83.4 6.41486379654 
57.0 -25.8 6.4519001206 
-0.6 111.0 6.37229432266 
-40.2 -36.6 5.89529510438 
54.6 66.6 6.55297167847 
-100.2 53.4 6.05538663222 
43.8 93.0 6.4781607857 
-55.8 -36.6 5.98706432374 
145.8 42.6 6.35349644574 
-45.0 -107.4 5.85581217654 
-166.2 -89.4 5.8988346126 
-166.2 -82.2 6.41130349948 
167.4 73.8 6.80390252265 
-169.8 117.0 6.2730877675 
91.8 -85.8 6.57934044696 
-117.0 165.0 6.64833331845 
82.2 114.6 6.17751082612 
118.2 166.2 6.67865989364 
-162.6 106.2 6.38468154761 
29.4 -58.2 6.07646984681 
89.4 99.0 6.10956880838 
28.2 119.4 6.31257825371 
-105.0 112.2 6.44191244707 
-124.2 69.0 5.9603925056 
65.4 161.4 6.45568579106 
166.2 34.2 6.53221598576 
41.4 -125.4 6.65741235543 
-87.0 106.2 6.25881667458 
103.8 -75.0 6.46549973137 
113.4 13.8 6.26262389301 
-1.8 -93.0 6.53052717149 
-3.0 -76.2 6.59602300683 
35.4 -119.4 6.27763906529 
-18.6 45.0 6.0861437109 
23.4 90.6 6.3834707245 
-142.2 -84.6 6.7340482935 
-157.8 -108.6 6.81110522876 
13.8 -167.4 7.24387958799 
115.8 69.0 6.42002346464 
112.2 -22.2 6.4845038792 
169.8 -58.2 7.04757867528 
-148.2 -169.8 6.49104456232 
-54.6 -72.6 6.12903458501 
121.8 -126.6 5.91466846938 
-107.4 -149.4 6.16288259626 
111.0 108.6 6.20782182263 
54.6 34.2 6.41036979941 
-151.8 89.4 6.03264168369 
93.0 76.2 6.24425518039 
177.0 -141.0 7.2388623388 
-89.4 123.0 6.22468151837 
-34.2 124.2 6.27534576746 
105.0 -121.8 6.04768004396 
169.8 -136.2 6.95210963836 
-22.2 101.4 6.05869406127 
-36.6 139.8 6.37184558441 
-120.6 165.0 6.98354043502 
-147.0 -51.0 6.32962579398 
-95.4 166.2 6.2993677185 
-178.2 1.8 7.4120150935 
-13.8 119.4 6.34912146847 
59.4 101.4 6.6996377327 
148.2 33.0 6.40355003191 
126.6 -87.0 6.10460794328 
21.0 -100.2 6.25950895568 
37.8 132.6 6.46552010825 
30.6 -171.0 7.11661360828 
29.4 -160.2 6.93805144874 
49.8 -127.8 6.32545219907 
-105.0 113.4 6.60053528807 
160.2 137.4 6.74240972977 
-161.4 113.4 5.84743361256 
-150.6 125.4 6.25515372796 
155.4 -120.6 6.31515765774 
139.8 123.0 6.4492585124 
-148.2 -179.4 6.97459767201 
-47.4 10.2 6.26077356481 
83.4 -147.0 6.49434054678 
-91.8 5.4 6.37077640532 
-67.8 -0.6 6.33189302958 
-7.8 87.0 6.18395886395 
120.6 168.6 6.53218823448 
60.6 133.8 6.27534576746 
61.8 63.0 6.47152762747 
-96.6 162.6 6.06372685527 
-123.0 58.2 6.09393617494 
165.0 -142.2 6.30227681247 
167.4 160.2 6.48886276805 
63.0 -120.6 6.36015946392 
41.4 0.6 6.44456817186 
-47.4 -127.8 6.40878906871 
-34.2 -0.6 6.53745137075 
28.2 -88.2 6.58546821255 
131.4 167.4 6.59800916262 
-106.2 154.2 6.16675107869 
-156.6 -151.8 6.28511349694 
-24.6 33.0 6.40878906871 
-15.0 -89.4 6.46500686936 
105.0 13.8 5.9567093872 
-49.8 23.4 6.36748550401 
121.8 -118.2 5.54930419984 
-17.4 83.4 5.91776258362 
48.6 71.4 6.3850534777 
145.8 -163.8 6.78227490801 
-81.0 0.6 6.46952204632 
-167.4 -115.8 7.10366161539 
-85.8 -161.4 6.01617767041 
-149.4 -126.6 6.23677144486 
-100.2 -11.4 6.38630979239 
-45.0 163.8 7.11905272412 
12.6 -111.0 6.39909606107 
-0.6 -157.8 6.81725977643 
17.4 -161.4 6.68159909722 
121.8 43.8 6.3399556811 
-52.2 153.0 6.27169797679 
-138.6 -91.8 6.27256154403 
101.4 -159.0 6.68419987892 
15.0 147.0 6.01922357533 
-9.0 52.2 6.16821420854 
-113.4 -15.0 6.28014379861 
-130.2 -6.6 6.49418263862 
36.6 150.6 6.02859921343 
-79.8 -100.2 6.74134103456 
-115.8 131.4 6.66240079784 
64.2 150.6 6.38254375376 
-151.8 -127.8 6.2979914779 
-83.4 12.6 6.2966231659 
-169.8 109.8 6.59388855878 
-118.2 -138.6 6.05910873979 
-162.6 97.8 6.5684105729 
-100.2 17.4 6.21193554858 
-52.2 22.2 6.14828332057 
-53.4 -112.2 6.24828143703 
48.6 -39.0 6.46031758596 
165.0 -130.2 6.38155592357 
-95.4 61.8 6.24900878095 
-89.4 -22.2 5.95279412822 
103.8 -45.0 6.06158974681 
31.8 -42.6 6.43067260161 
-93.0 -83.4 6.42289596824 
102.6 0.6 6.44267097804 
165.0 -91.8 6.80002646263 
172.2 -46.2 6.66955883979 
-77.4 -102.6 6.59940032773 
-52.2 82.2 6.12909291977 
172.2 89.4 6.90163597883 
15.0 113.4 6.16647803245 
115.8 -117.0 5.53993955787 
-42.6 87.0 6.49639531322 
106.2 -141.0 6.4084925181 
-129.0 117.0 6.46549973137 
171.0 6.6 6.48329525518 
177.0 -169.8 7.96598268827 
101.4 129.0 6.28009407303 
147.0 12.6 6.28312867306 
82.2 -61.8 5.9271988513 
-54.6 -24.6 6.14738182582 
7.8 132.6 6.42474913153 
11.4 139.8 6.41141287863 
-76.2 19.8 6.35964154531 
-114.6 -178.2 6.91982195045 
53.4 22.2 6.11502014966 
-79.8 89.4 6.30024117596 
-33.0 -77.4 6.81047282396 
4.2 130.2 6.23216420973 
-29.4 -114.6 6.33547794024 
-66.6 57.0 6.27329886531 
-135.0 -125.4 6.18691249066 
-60.6 -107.4 6.63770644903 
72.6 124.2 6.16539513892 
-1.8 124.2 6.15070191023 
-12.6 77.4 6.18231305887 
37.8 85.8 6.50549823072 
23.4 -15.0 6.4084925181 
-9.0 -151.8 6.53167272679 
-154.2 -73.8 6.205740009 
-53.4 30.6 6.0420603003 
103.8 -115.8 5.62025562427 
-35.4 -85.8 6.25002217712 
-93.0 -162.6 6.1726493087 
-175.8 149.4 7.24827356588 
-34.2 49.8 6.51478779882 
64.2 28.2 6.47706117391 
0.6 0.6 6.50549823072 
-83.4 -42.6 5.83811259944 
36.6 -9.0 6.4050373331 
87.0 5.4 6.44969224738 
-25.8 94.2 6.23791277629 
-52.2 5.4 6.26466365847 
169.8 -90.6 6.74661464634 
31.8 149.4 6.09438050737 
-51.0 113.4 6.1846865998 
-12.6 -90.6 6.5703996985 
-126.6 -167.4 6.80003922768 
-3.0 57.0 6.19561318273 
6.6 -10.2 6.06964849153 
96.6 117.0 6.14434972585 
42.6 -139.8 6.61872426647 
71.4 -127.8 5.65383249986 
179.4 -109.8 7.08759225112 
-82.2 -148.2 6.43084892563 
-156.6 -29.4 6.48610960614 
-0.6 -130.2 6.26296605482 
76.2 63.0 6.76045972787 
-126.6 -96.6 6.19561318273 
103.8 11.4 6.35964635371 
-72.6 -85.8 6.52152515793 
77.4 12.6 6.32473141783 
175.8 -59.4 7.07309702413 
0.6 118.2 6.11475016069 
-112.2 -61.8 6.70350881529 
121.8 -48.6 6.57790283859 
111.0 -83.4 6.65991604194 
42.6 49.8 6.25966068569 
-174.6 13.8 7.47887725995 
-83.4 -81.0 6.48531035923 
123.0 178.2 7.05945758505 
33.0 -105.0 6.39036701172 
-31.8 133.8 6.35652613234 
41.4 178.2 7.30490172073 
149.4 -145.8 6.35047824111 
-132.6 -138.6 6.04154675666 
-147.0 153.0 6.42673098695 
89.4 4.2 6.30313635523 
-144.6 -53.4 6.37289786083 
-67.8 142.2 6.33561903926 
-34.2 30.6 6.23216420973 
9.0 97.8 6.3864803954 
144.6 161.4 6.08512979635 
-42.6 135.0 6.27196874431 
-157.8 -91.8 5.94407989194 
147.0 127.8 6.18122033818 
-169.8 -49.8 7.31781774964 
-107.4 -91.8 6.79910698174 
106.2 36.6 6.34617365961 
81.0 -73.8 6.28312867306 
155.4 174.6 7.53587469863 
-41.4 -31.8 5.88350598318 
-53.4 40.2 6.17039637592 
-30.6 -83.4 6.61479279785 
-3.0 1.8 6.12413099545 
64.2 22.2 6.22938501883 
41.4 -7.8 6.19196216723 
-49.8 161.4 6.17726434881 
-88.2 136.2 6.46418400868 
-119.4 76.2 6.05338121431 
-30.6 163.8 6.69560504669 
-96.6 7.8 6.48049366707 
138.6 -120.6 5.55032812099 
-23.4 99.0 5.97509541629 
167.4 -162.6 7.54069932953 
126.6 9.0 6.46031758596 
-58.2 83.4 6.21868972972 
58.2 75.0 6.52113502922 
-131.4 -46.2 6.29197825626 
76.2 -127.8 6.03148325413 
28.2 95.4 5.98154703914 
136.2 -83.4 5.88635415348 
83.4 -12.6 6.33191883723 
-37.8 34.2 6.0354742246 
-178.2 177.0 7.95752627526 
-84.6 -157.8 5.83811259944 
136.2 -123.0 6.25586021298 
-111.0 -90.6 6.56188271013 
163.8 -19.8 6.39053771742 
119.4 -66.6 6.43397395619 
-135.0 33.0 6.65657035204 
-168.6 -143.4 7.17022646615 
103.8 -48.6 6.36700774652 
28.2 24.6 5.89723613951 
10.2 43.8 5.92913996209 
-4.2 -25.8 6.5120455005 
-179.4 90.6 7.03215869133 
143.4 172.2 6.63416451576 
-63.0 -165.0 5.78289509143 
28.2 -5.4 6.45421820537 
-159.0 -179.4 6.85239271912 
-85.8 -39.0 5.94464414863 
130.2 -82.2 6.15985602963 
126.6 -95.4 6.0407103578 
-150.6 161.4 7.26936232639 
18.6 -138.6 6.80761601471 
103.8 -11.4 6.42268155656 
90.6 25.8 6.43454156481 
-83.4 132.6 6.53697003141 
33.0 29.4 6.30870360071 
127.8 51.0 6.33651026864 
-5.4 148.2 6.24922512094 
30.6 9.0 6.65883807628 
143.4 -13.8 5.72409597191 
39.0 -72.6 6.67915492388 
102.6 -95.4 6.30860148052 
27.0 -65.4 6.33069750634 
-127.8 79.8 6.12505947962 
150.6 -33.0 6.44315962223 
94.2 -105.0 5.93806607349 
88.2 -106.2 6.50842912292 
29.4 111.0 6.3458788537 
137.4 162.6 6.85333826405 
9.0 -54.6 6.14612901837 
-76.2 -33.0 5.94285059654 
-142.2 102.6 6.56538468862 
-101.4 -145.8 6.21651517392 
-60.6 165.0 7.0351353617 
135.0 149.4 6.38014300341 
78.6 60.6 6.0680137395 
-49.8 39.0 6.04300055004 
63.0 27.0 6.67145419766 
-73.8 153.0 5.73237292239 
-7.8 -139.8 6.55736402904 
129.0 -93.0 6.19674686028 
-115.8 -77.4 6.42673098695 
-151.8 126.6 6.32148114111 
109.8 -125.4 5.79291044925 
139.8 -66.6 6.39630970733 
-113.4 -143.4 5.86954703517 
-45.0 -147.0 6.46977071782 
-130.2 -59.4 6.19428351815 
10.2 117.0 5.9357918577 
151.8 -118.2 6.35525723098 
130.2 -137.4 6.34114953823 
9.0 47.4 5.96694473299 
-30.6 144.6 5.98890434996 
-83.4 -59.4 6.39623334677 
-90.6 40.2 6.50361594203 
-67.8 70.2 6.41688264041 
147.0 -71.4 6.50589021592 
-25.8 -40.2 6.38468154761 
-131.4 -15.0 6.27868422537 
115.8 -87.0 6.5546190452 
-16.2 174.6 6.49160881901 
-64.2 -10.2 5.98227611874 
51.0 59.4 6.26844775884 
-111.0 149.4 6.48491534062 
157.8 53.4 6.54984888037 
-131.4 -35.4 6.4845038792 
71.4 -96.6 6.45880105698 
88.2 7.8 6.113336014 
-156.6 -70.2 6.27181432797 
-178.2 161.4 7.38129729649 
83.4 78.6 6.31989630613 
-103.8 -10.2 6.33012256336 
173.4 89.4 7.05234099168 
45.0 171.0 7.16360480129 
150.6 147.0 6.52252572053 
-103.8 156.6 6.50003826315 
12.6 -131.4 6.49429207508 
112.2 -46.2 5.88635415348 
-136.2 -136.2 6.28365563833 
-175.8 -165.0 7.98129978958 
144.6 -167.4 6.57405141666 
84.6 -12.6 6.3700867125 
109.8 -131.4 5.80053487393 
142.2 -70.2 6.30860148052 
-30.6 82.2 5.89361385041 
71.4 -103.8 6.72563391059 
-130.2 -102.6 6.12902749475 
144.6 -75.0 6.27492015864 
-75.0 -141.0 6.47603725277 
-173.4 109.8 6.88842516129 
0.6 94.2 6.30796249689 
6.6 -75.0 6.48923663487 
-69.0 167.4 6.71191766035 
5.4 -137.4 6.53676259845 
94.2 7.8 6.49839077566 
112.2 -33.0 6.43139444809 
-4.2 85.8 6.21612062545 
-76.2 139.8 6.26466365847 
178.2 -29.4 7.16823669926 
-18.6 -43.8 6.26469030798 
-123.0 142.2 6.49298195516 
-179.4 107.4 6.78318098512 
1.8 40.2 6.19513409247 
91.8 178.2 7.12222824996 
-13.8 -29.4 6.44206488877 
-57.0 -175.8 7.46066822032 
-118.2 -124.2 6.29533644727 
147.0 -178.2 7.07729976653 
-43.8 -90.6 6.44047790212 
127.8 119.4 6.4616205843 
84.6 169.8 6.20591225376 
138.6 145.8 6.51125954636 
178.2 42.6 7.12713823797 
97.8 114.6 5.64002301642 
-120.6 -106.2 6.3727980425 
166.2 117.0 6.6348420932 
-108.6 -120.6 6.12406197799 
13.8 25.8 6.18691249066 
91.8 -30.6 6.37140932344 
105.0 103.8 6.06372685527 
-53.4 -23.4 6.13782757643 
-174.6 -70.2 6.97809321137 
125.4 -179.4 7.03215869133 
101.4 97.8 6.30427636998 
111.0 -94.2 6.31232040707 
25.8 -66.6 6.57693477681 
179.4 155.4 7.0286251208 
-112.2 -31.8 6.44229258614 
144.6 77.4 6.48049366707 
-5.4 145.8 6.12134460002 
67.8 -7.8 6.329144765 
72.6 105.0 6.43375432586 
154.2 18.6 6.05513812396 
35.4 101.4 6.19674686028 
-105.0 133.8 6.37229432266 
64.2 -64.2 6.12560225899 
31.8 77.4 6.32405719645 
9.0 -67.8 6.63538487551 
-48.6 -84.6 6.05538663222 
124.2 102.6 6.39436945806 
135.0 -65.4 6.52467866255 
-67.8 58.2 6.42424445413 
-79.8 -64.2 6.33106364746 
-150.6 65.4 6.20100647805 
-159.0 -142.2 5.86646448084 
-10.2 42.6 6.16477949952 
-94.2 -93.0 6.71310316203 
-13.8 -113.4 6.40062945555 
-144.6 79.8 6.12767520496 
-137.4 -42.6 6.03264168369 
129.0 -13.8 6.39497883193 
79.8 27.0 6.40878906871 
-94.2 123.0 6.36095592612 
143.4 78.6 6.29408216692 
106.2 46.2 6.25451128701 
10.2 -30.6 6.20100647805 
102.6 -25.8 6.21410214222 
-79.8 -118.2 6.5313682018 
7.8 -72.6 6.47434772283 
-131.4 111.0 6.49104456232 
91.8 -105.0 5.75212343276 
-58.2 0.6 6.60625324099 
-30.6 31.8 6.36616249984 
46.2 81.0 6.44238986523 
111.0 72.6 6.21932501083 
145.8 28.2 6.38637909549 
-70.2 72.6 6.312264486 
-174.6 -113.4 7.45274246275 
137.4 -107.4 5.92492456371 
-49.8 60.6 6.01087739001 
145.8 67.8 6.52996510716 
-89.4 -54.6 6.52570744167 
-1.8 -156.6 6.77485424719 
-45.0 -135.0 6.61200268624 
47.4 11.4 5.88635415348 
-64.2 -148.2 6.2525551104 
-97.8 -175.8 6.95696969455 
94.2 16.2 6.15803753474 
-54.6 -46.2 5.7895043275 
-76.2 84.6 6.50030744168 
173.4 31.8 7.08631329436 
-6.6 160.2 6.24235618006 
-11.4 76.2 6.25652904744 
-64.2 65.4 6.21735335901 
143.4 -61.8 6.71245842113 
-115.8 107.4 6.26995819119 
-64.2 -99.0 6.36616249984 
-173.4 -141.0 7.74943038548 
91.8 75.0 6.38336512948 
139.8 160.2 6.34798018076 
-95.4 72.6 6.11248069741 
64.2 -60.6 6.31089015057 
166.2 -65.4 6.50204403032 
-173.4 30.6 7.44992091102 
148.2 -144.6 6.03561507179 
-167.4 147.0 6.21740092751 
-75.0 101.4 6.37632875964 
-102.6 123.0 6.60163961493 
-35.4 -33.0 5.64002301642 
48.6 -52.2 6.02598978808 
-94.2 149.4 6.22772608751 
-95.4 -57.0 6.33119586138 
-6.6 -143.4 6.52137731838 
-173.4 127.8 6.47794423524 
95.4 -33.0 6.4021057133 
100.2 -172.2 6.5860340687 
39.0 142.2 6.1328891755 
-51.0 137.4 5.83610560698 
-33.0 123.0 6.40878906871 
-17.4 118.2 6.2565198046 
100.2 -155.4 6.66240693227 
79.8 -82.2 6.24922512094 
166.2 118.2 6.52467866255 
-145.8 172.2 7.24963662162 
-168.6 -35.4 6.90618525168 
156.6 15.0 5.90150098777 
132.6 77.4 6.30374409838 
114.6 12.6 5.98797103182 
64.2 -57.0 5.95982794416 
-21.0 131.4 6.59148374653 
166.2 -136.2 6.93508997522 
0.6 -160.2 7.0344954134 
48.6 -0.6 6.32221462857 
-135.0 167.4 6.39036701172 
18.6 -59.4 6.20336248987 
-167.4 -12.6 7.09363933445 
-23.4 27.0 6.53028179698 
49.8 -143.4 6.45117735286 
-73.8 137.4 6.33584267551 
-167.4 154.2 6.26469030798 
102.6 -43.8 6.18272764694 
-111.0 31.8 6.49002966873 
-73.8 81.0 6.3167165006 
93.0 131.4 6.49886019163 
-58.2 150.6 5.93671859679 
73.8 -121.8 6.32131193368 
-120.6 -115.8 6.36681484319 
118.2 -94.2 6.19019556195 
16.2 -45.0 5.83250811628 