2559.100572379199 
552.7657236339114 
1900.2385857899744 
1434.9961074437438 
1629.0519480863945 
2559.1005723792177 
1434.9961074437438 
1629.051948086396 
1563.4575663561102 
1900.238585789981 
4058.7819141991185 
2184.99837394291 
1900.2385857899726 
904.7786842338603 
1831.1433091515403 
1434.996107443746 
1310.2594930581588 
1629.0519480863964 
959.6047066093804 
959.6047066093821 
1434.9961074437438 
2184.998373942919 
904.7786842338668 
904.7786842338612 
959.6047066093821 
2184.9983739429026 
1130.392700230942 
904.7786842338633 
2714.1719812081037 
1900.238585789981 
1629.0519480863911 
552.7657236339103 
1629.0519480863945 
1434.996107443746 
1434.9961074437438 
6180.10866838643 
1900.238585789981 
1900.238585789981 
3705.9734906218855 
552.7657236339116 
2184.9983739429067 
1434.9961074437438 
959.6047066093835 
2184.9983739428967 
1629.051948086396 
1831.1433091515403 
1130.392700230942 
1900.2385857899824 
959.6047066093804 
647.4069256127169 
3793.170657879112 
959.6047066093835 
552.7657236339086 
1629.051948086404 
1629.051948086388 
3197.2333749482627 
1831.1433091515305 
1629.0519480863868 
959.6047066093821 
1629.0519480863938 
2792.8406166012846 
904.7786842338616 
1831.1433091515305 
507.3477392748876 
2559.10057237922 
