88.2 -173.4 1.12345678987 
119.4 -143.4 1.12345678987 
97.8 -22.2 1.12345678987 
69.0 -117.0 1.12345678987 
47.4 -79.8 1.12345678987 
-178.2 -126.6 1.12345678987 
-113.4 -162.6 1.12345678987 
133.8 57.0 1.12345678987 
-9.0 149.4 1.12345678987 
82.2 178.2 1.12345678987 
145.8 -157.8 1.12345678987 
-41.4 -97.8 1.12345678987 
136.2 40.2 1.12345678987 
67.8 114.6 1.12345678987 
-27.0 173.4 1.12345678987 
-153.0 29.4 1.12345678987 
-13.8 -94.2 1.12345678987 
-168.6 -151.8 1.12345678987 
-109.8 139.8 1.12345678987 
-69.0 -54.6 1.12345678987 
-132.6 -51.0 1.12345678987 
-78.6 -174.6 1.12345678987 
173.4 88.2 1.12345678987 
117.0 -143.4 1.12345678987 
-87.0 169.8 1.12345678987 
45.0 77.4 1.12345678987 
77.4 84.6 1.12345678987 
-36.6 124.2 1.12345678987 
9.0 179.4 1.12345678987 
125.4 115.8 1.12345678987 
-150.6 -34.2 1.12345678987 
-119.4 -157.8 1.12345678987 
81.0 -12.6 1.12345678987 
16.2 -126.6 1.12345678987 
-114.6 -72.6 1.12345678987 
54.6 60.6 1.12345678987 
111.0 -31.8 1.12345678987 
118.2 -137.4 1.12345678987 
25.8 -108.6 1.12345678987 
-75.0 39.0 1.12345678987 
31.8 138.6 1.12345678987 
-43.8 -139.8 1.12345678987 
-96.6 35.4 1.12345678987 
-4.2 64.2 1.12345678987 
-138.6 -42.6 1.12345678987 
49.8 105.0 1.12345678987 
83.4 -64.2 1.12345678987 
-15.0 148.2 1.12345678987 
24.6 48.6 1.12345678987 
121.8 -89.4 1.12345678987 
-30.6 -29.4 1.12345678987 
11.4 -153.0 1.12345678987 
167.4 -73.8 1.12345678987 
-177.0 -39.0 1.12345678987 
43.8 -77.4 1.12345678987 
49.8 151.8 1.12345678987 
-114.6 -175.8 1.12345678987 
57.0 -76.2 1.12345678987 
11.4 103.8 1.12345678987 
-155.4 -45.0 1.12345678987 
-61.8 -124.2 1.12345678987 
-114.6 -165.0 1.12345678987 
-55.8 -51.0 1.12345678987 
125.4 -51.0 1.12345678987 
139.8 168.6 1.12345678987 
-46.2 -36.6 1.12345678987 
-105.0 82.2 1.12345678987 
95.4 125.4 1.12345678987 
-148.2 -143.4 1.12345678987 
43.8 -11.4 1.12345678987 
-108.6 -95.4 1.12345678987 
16.2 7.8 1.12345678987 
-7.8 -127.8 1.12345678987 
-17.4 -149.4 1.12345678987 
-121.8 -135.0 1.12345678987 
7.8 -145.8 1.12345678987 
54.6 112.2 1.12345678987 
173.4 -103.8 1.12345678987 
-72.6 101.4 1.12345678987 
173.4 -70.2 1.12345678987 
-107.4 119.4 1.12345678987 
64.2 -59.4 1.12345678987 
-27.0 119.4 1.12345678987 
-103.8 -144.6 1.12345678987 
153.0 -153.0 1.12345678987 
-132.6 -78.6 1.12345678987 
154.2 -28.2 1.12345678987 
69.0 58.2 1.12345678987 
-139.8 -162.6 1.12345678987 
-148.2 -91.8 1.12345678987 
83.4 -148.2 1.12345678987 
114.6 172.2 1.12345678987 
-12.6 159.0 1.12345678987 
-31.8 103.8 1.12345678987 
159.0 1.8 1.12345678987 
-45.0 91.8 1.12345678987 
9.0 -29.4 1.12345678987 
78.6 162.6 1.12345678987 
-83.4 78.6 1.12345678987 
-31.8 -85.8 1.12345678987 
150.6 -81.0 1.12345678987 
179.4 -85.8 1.12345678987 
42.6 23.4 1.12345678987 
129.0 51.0 1.12345678987 
-88.2 33.0 1.12345678987 
39.0 -111.0 1.12345678987 
169.8 81.0 1.12345678987 
-117.0 109.8 1.12345678987 
119.4 100.2 1.12345678987 
-136.2 -93.0 1.12345678987 
125.4 171.0 1.12345678987 
28.2 125.4 1.12345678987 
77.4 -29.4 1.12345678987 
5.4 166.2 1.12345678987 
-5.4 -143.4 1.12345678987 
-114.6 57.0 1.12345678987 
-102.6 67.8 1.12345678987 
102.6 -138.6 1.12345678987 
136.2 -157.8 1.12345678987 
137.4 168.6 1.12345678987 
-59.4 84.6 1.12345678987 
117.0 120.6 1.12345678987 
-177.0 149.4 1.12345678987 
105.0 -137.4 1.12345678987 
171.0 129.0 1.12345678987 
101.4 -89.4 1.12345678987 
-71.4 -84.6 1.12345678987 
-70.2 -48.6 1.12345678987 
43.8 -106.2 1.12345678987 
84.6 40.2 1.12345678987 
-113.4 -51.0 1.12345678987 
-61.8 -145.8 1.12345678987 
-124.2 11.4 1.12345678987 
0.6 -166.2 1.12345678987 
-23.4 149.4 1.12345678987 
-85.8 -12.6 1.12345678987 
-177.0 -82.2 1.12345678987 
61.8 -30.6 1.12345678987 
-130.2 -63.0 1.12345678987 
172.2 -1.8 1.12345678987 
-64.2 88.2 1.12345678987 
-127.8 -87.0 1.12345678987 
-94.2 -52.2 1.12345678987 
100.2 59.4 1.12345678987 
157.8 159.0 1.12345678987 
153.0 15.0 1.12345678987 
-19.8 -54.6 1.12345678987 
103.8 154.2 1.12345678987 
-103.8 -179.4 1.12345678987 
-136.2 -13.8 1.12345678987 
132.6 -125.4 1.12345678987 
156.6 6.6 1.12345678987 
-103.8 -84.6 1.12345678987 
88.2 179.4 1.12345678987 
9.0 115.8 1.12345678987 
94.2 33.0 1.12345678987 
-19.8 141.0 1.12345678987 
99.0 -108.6 1.12345678987 
161.4 -52.2 1.12345678987 
67.8 90.6 1.12345678987 
87.0 -160.2 1.12345678987 
-95.4 124.2 1.12345678987 
-135.0 -159.0 1.12345678987 
130.2 -94.2 1.12345678987 
-109.8 -144.6 1.12345678987 
-75.0 172.2 1.12345678987 
-48.6 -60.6 1.12345678987 
-28.2 132.6 1.12345678987 
47.4 -82.2 1.12345678987 
-5.4 29.4 1.12345678987 
0.6 13.8 1.12345678987 
-90.6 169.8 1.12345678987 
-5.4 -30.6 1.12345678987 
-81.0 73.8 1.12345678987 
88.2 -171.0 1.12345678987 
17.4 130.2 1.12345678987 
36.6 55.8 1.12345678987 
-4.2 126.6 1.12345678987 
10.2 99.0 1.12345678987 
-28.2 -24.6 1.12345678987 
40.2 23.4 1.12345678987 
-41.4 91.8 1.12345678987 
-159.0 73.8 1.12345678987 
-34.2 45.0 1.12345678987 
-165.0 -11.4 1.12345678987 
4.2 177.0 1.12345678987 
119.4 -12.6 1.12345678987 
-136.2 130.2 1.12345678987 
71.4 12.6 1.12345678987 
-48.6 -136.2 1.12345678987 
168.6 -160.2 1.12345678987 
51.0 156.6 1.12345678987 
130.2 -17.4 1.12345678987 
-171.0 165.0 1.12345678987 
-113.4 16.2 1.12345678987 
-173.4 -94.2 1.12345678987 
-124.2 -157.8 1.12345678987 
-59.4 -147.0 1.12345678987 
71.4 -173.4 1.12345678987 
-160.2 -71.4 1.12345678987 
-175.8 49.8 1.12345678987 
139.8 -93.0 1.12345678987 
77.4 -160.2 1.12345678987 
126.6 -114.6 1.12345678987 
-3.0 -16.2 1.12345678987 
-9.0 70.2 1.12345678987 
6.6 153.0 1.12345678987 
162.6 58.2 1.12345678987 
162.6 153.0 1.12345678987 
67.8 -127.8 1.12345678987 
-4.2 -15.0 1.12345678987 
-89.4 60.6 1.12345678987 
-114.6 -9.0 1.12345678987 
69.0 -115.8 1.12345678987 
-156.6 -13.8 1.12345678987 
-87.0 154.2 1.12345678987 
28.2 -132.6 1.12345678987 
-118.2 39.0 1.12345678987 
163.8 -89.4 1.12345678987 
82.2 -60.6 1.12345678987 
81.0 40.2 1.12345678987 
135.0 84.6 1.12345678987 
57.0 105.0 1.12345678987 
-173.4 19.8 1.12345678987 
166.2 103.8 1.12345678987 
82.2 -42.6 1.12345678987 
154.2 -33.0 1.12345678987 
-145.8 102.6 1.12345678987 
-45.0 -137.4 1.12345678987 
33.0 130.2 1.12345678987 
109.8 43.8 1.12345678987 
43.8 25.8 1.12345678987 
93.0 52.2 1.12345678987 
-6.6 157.8 1.12345678987 
0.6 58.2 1.12345678987 
-28.2 -77.4 1.12345678987 
1.8 -37.8 1.12345678987 
-58.2 -165.0 1.12345678987 
29.4 -41.4 1.12345678987 
136.2 -136.2 1.12345678987 
120.6 178.2 1.12345678987 
36.6 57.0 1.12345678987 
-156.6 67.8 1.12345678987 
123.0 31.8 1.12345678987 
95.4 70.2 1.12345678987 
-43.8 34.2 1.12345678987 
-151.8 174.6 1.12345678987 
174.6 126.6 1.12345678987 
127.8 -34.2 1.12345678987 
57.0 -83.4 1.12345678987 
-132.6 28.2 1.12345678987 
-28.2 123.0 1.12345678987 
-99.0 77.4 1.12345678987 
159.0 175.8 1.12345678987 
47.4 -163.8 1.12345678987 
-19.8 -5.4 1.12345678987 
59.4 -171.0 1.12345678987 
63.0 -106.2 1.12345678987 
144.6 33.0 1.12345678987 
24.6 83.4 1.12345678987 
-108.6 156.6 1.12345678987 
-148.2 -70.2 1.12345678987 
-107.4 7.8 1.12345678987 
51.0 151.8 1.12345678987 
-171.0 -83.4 1.12345678987 
-23.4 136.2 1.12345678987 
-108.6 -132.6 1.12345678987 
39.0 143.4 1.12345678987 
111.0 -154.2 1.12345678987 
-129.0 -153.0 1.12345678987 
-108.6 -109.8 1.12345678987 
-161.4 -18.6 1.12345678987 
160.2 -76.2 1.12345678987 
89.4 121.8 1.12345678987 
-102.6 -97.8 1.12345678987 
10.2 159.0 1.12345678987 
153.0 156.6 1.12345678987 
-17.4 -21.0 1.12345678987 
-45.0 89.4 1.12345678987 
39.0 -12.6 1.12345678987 
-73.8 -117.0 1.12345678987 
-135.0 -177.0 1.12345678987 
172.2 101.4 1.12345678987 
73.8 52.2 1.12345678987 
17.4 -63.0 1.12345678987 
147.0 -157.8 1.12345678987 
-13.8 -100.2 1.12345678987 
-151.8 54.6 1.12345678987 
169.8 25.8 1.12345678987 
113.4 147.0 1.12345678987 
95.4 -60.6 1.12345678987 
-109.8 163.8 1.12345678987 
-167.4 163.8 1.12345678987 
-125.4 -24.6 1.12345678987 
89.4 10.2 1.12345678987 
-142.2 -43.8 1.12345678987 
-24.6 108.6 1.12345678987 
11.4 -165.0 1.12345678987 
-0.6 -105.0 1.12345678987 
-142.2 145.8 1.12345678987 
48.6 124.2 1.12345678987 
-171.0 -84.6 1.12345678987 
-111.0 21.0 1.12345678987 
-65.4 -127.8 1.12345678987 
39.0 -59.4 1.12345678987 
-15.0 36.6 1.12345678987 
81.0 11.4 1.12345678987 
167.4 127.8 1.12345678987 
-165.0 165.0 1.12345678987 
-6.6 -95.4 1.12345678987 
-157.8 -178.2 1.12345678987 
-160.2 18.6 1.12345678987 
-177.0 -57.0 1.12345678987 
-59.4 10.2 1.12345678987 
61.8 -45.0 1.12345678987 
-47.4 29.4 1.12345678987 
-175.8 160.2 1.12345678987 
-109.8 -64.2 1.12345678987 
-141.0 4.2 1.12345678987 
141.0 156.6 1.12345678987 
83.4 49.8 1.12345678987 
-34.2 -165.0 1.12345678987 
-130.2 127.8 1.12345678987 
-63.0 19.8 1.12345678987 
-174.6 -37.8 1.12345678987 
-148.2 47.4 1.12345678987 
0.6 -48.6 1.12345678987 
10.2 -7.8 1.12345678987 
53.4 19.8 1.12345678987 
126.6 -121.8 1.12345678987 
-13.8 112.2 1.12345678987 
-79.8 -23.4 1.12345678987 
37.8 21.0 1.12345678987 
-17.4 -174.6 1.12345678987 
118.2 -35.4 1.12345678987 
71.4 24.6 1.12345678987 
9.0 -17.4 1.12345678987 
162.6 105.0 1.12345678987 
-133.8 106.2 1.12345678987 
18.6 159.0 1.12345678987 
-168.6 -115.8 1.12345678987 
95.4 162.6 1.12345678987 
-3.0 177.0 1.12345678987 
161.4 124.2 1.12345678987 
160.2 -126.6 1.12345678987 
3.0 -137.4 1.12345678987 
113.4 141.0 1.12345678987 
-58.2 -135.0 1.12345678987 
-70.2 -163.8 1.12345678987 
178.2 -153.0 1.12345678987 
-178.2 117.0 1.12345678987 
-5.4 -130.2 1.12345678987 
173.4 -102.6 1.12345678987 
126.6 70.2 1.12345678987 
-163.8 28.2 1.12345678987 
-77.4 -129.0 1.12345678987 
-89.4 -124.2 1.12345678987 
137.4 157.8 1.12345678987 
-133.8 -22.2 1.12345678987 
157.8 39.0 1.12345678987 
-114.6 -69.0 1.12345678987 
166.2 -67.8 1.12345678987 
72.6 159.0 1.12345678987 
49.8 -55.8 1.12345678987 
58.2 97.8 1.12345678987 
52.2 67.8 1.12345678987 
-84.6 19.8 1.12345678987 
162.6 13.8 1.12345678987 
49.8 -41.4 1.12345678987 
178.2 166.2 1.12345678987 
117.0 23.4 1.12345678987 
-39.0 151.8 1.12345678987 
6.6 -57.0 1.12345678987 
-36.6 -156.6 1.12345678987 
139.8 52.2 1.12345678987 
-82.2 41.4 1.12345678987 
-25.8 95.4 1.12345678987 
177.0 3.0 1.12345678987 
-124.2 -34.2 1.12345678987 
61.8 131.4 1.12345678987 
-161.4 36.6 1.12345678987 
-76.2 5.4 1.12345678987 
-103.8 -59.4 1.12345678987 
-111.0 7.8 1.12345678987 
0.6 -61.8 1.12345678987 
95.4 3.0 1.12345678987 
-66.6 106.2 1.12345678987 
178.2 -35.4 1.12345678987 
-138.6 57.0 1.12345678987 
-64.2 144.6 1.12345678987 
171.0 -132.6 1.12345678987 
-40.2 -91.8 1.12345678987 
172.2 127.8 1.12345678987 
-24.6 9.0 1.12345678987 
100.2 35.4 1.12345678987 
106.2 132.6 1.12345678987 
142.2 124.2 1.12345678987 
-132.6 -168.6 1.12345678987 
-78.6 -81.0 1.12345678987 
130.2 -3.0 1.12345678987 
57.0 108.6 1.12345678987 
-118.2 52.2 1.12345678987 
155.4 -70.2 1.12345678987 
-136.2 -33.0 1.12345678987 
69.0 151.8 1.12345678987 
156.6 175.8 1.12345678987 
94.2 -90.6 1.12345678987 
1.8 114.6 1.12345678987 
-135.0 -112.2 1.12345678987 
153.0 -96.6 1.12345678987 
78.6 18.6 1.12345678987 
29.4 18.6 1.12345678987 
-46.2 78.6 1.12345678987 
55.8 113.4 1.12345678987 
175.8 -179.4 1.12345678987 
124.2 35.4 1.12345678987 
72.6 -24.6 1.12345678987 
142.2 -124.2 1.12345678987 
-127.8 35.4 1.12345678987 
112.2 99.0 1.12345678987 
-75.0 -72.6 1.12345678987 
9.0 147.0 1.12345678987 
-9.0 129.0 1.12345678987 
66.6 154.2 1.12345678987 
-7.8 -65.4 1.12345678987 
-76.2 -101.4 1.12345678987 
-1.8 175.8 1.12345678987 
-52.2 -75.0 1.12345678987 
-90.6 171.0 1.12345678987 
81.0 162.6 1.12345678987 
-88.2 11.4 1.12345678987 
28.2 -9.0 1.12345678987 
-9.0 171.0 1.12345678987 
-112.2 -17.4 1.12345678987 
-57.0 -177.0 1.12345678987 
97.8 -31.8 1.12345678987 
57.0 25.8 1.12345678987 
81.0 -31.8 1.12345678987 
36.6 -148.2 1.12345678987 
-43.8 -69.0 1.12345678987 
-69.0 13.8 1.12345678987 
22.2 136.2 1.12345678987 
84.6 -59.4 1.12345678987 
-130.2 0.6 1.12345678987 
-119.4 -149.4 1.12345678987 
-23.4 148.2 1.12345678987 
179.4 163.8 1.12345678987 
-172.2 -69.0 1.12345678987 
103.8 24.6 1.12345678987 
-142.2 89.4 1.12345678987 
5.4 -57.0 1.12345678987 
0.6 -153.0 1.12345678987 
162.6 -33.0 1.12345678987 
-172.2 -13.8 1.12345678987 
-78.6 -5.4 1.12345678987 
21.0 -57.0 1.12345678987 
123.0 -87.0 1.12345678987 
-102.6 73.8 1.12345678987 
76.2 126.6 1.12345678987 
-85.8 10.2 1.12345678987 
-19.8 12.6 1.12345678987 
46.2 45.0 1.12345678987 
138.6 126.6 1.12345678987 
144.6 -76.2 1.12345678987 
143.4 -119.4 1.12345678987 
-17.4 -55.8 1.12345678987 
169.8 -94.2 1.12345678987 
-12.6 161.4 1.12345678987 
114.6 -138.6 1.12345678987 
-143.4 91.8 1.12345678987 
28.2 -41.4 1.12345678987 
85.8 169.8 1.12345678987 
63.0 147.0 1.12345678987 
-145.8 137.4 1.12345678987 
42.6 -41.4 1.12345678987 
17.4 -145.8 1.12345678987 
-29.4 -53.4 1.12345678987 
147.0 -143.4 1.12345678987 
115.8 -39.0 1.12345678987 
77.4 5.4 1.12345678987 
43.8 -27.0 1.12345678987 
-66.6 69.0 1.12345678987 
-59.4 118.2 1.12345678987 
-109.8 161.4 1.12345678987 
179.4 100.2 1.12345678987 
162.6 139.8 1.12345678987 
-103.8 -37.8 1.12345678987 
-88.2 -77.4 1.12345678987 
154.2 61.8 1.12345678987 
60.6 -65.4 1.12345678987 
-40.2 -125.4 1.12345678987 
157.8 -169.8 1.12345678987 
-123.0 -29.4 1.12345678987 
148.2 -13.8 1.12345678987 
156.6 -109.8 1.12345678987 
76.2 -9.0 1.12345678987 
-10.2 -64.2 1.12345678987 
-155.4 -16.2 1.12345678987 
-143.4 123.0 1.12345678987 
34.2 30.6 1.12345678987 
-67.8 144.6 1.12345678987 
-47.4 -115.8 1.12345678987 
139.8 17.4 1.12345678987 
-141.0 95.4 1.12345678987 
3.0 -151.8 1.12345678987 
55.8 88.2 1.12345678987 
-149.4 -3.0 1.12345678987 
-150.6 13.8 1.12345678987 
-12.6 -25.8 1.12345678987 
147.0 41.4 1.12345678987 
-24.6 11.4 1.12345678987 
-51.0 -81.0 1.12345678987 
-71.4 -150.6 1.12345678987 
-15.0 155.4 1.12345678987 
-88.2 -35.4 1.12345678987 
-42.6 -141.0 1.12345678987 
-15.0 -73.8 1.12345678987 
71.4 155.4 1.12345678987 
-31.8 91.8 1.12345678987 
-172.2 121.8 1.12345678987 
179.4 -131.4 1.12345678987 
-67.8 59.4 1.12345678987 
103.8 95.4 1.12345678987 
18.6 155.4 1.12345678987 
-91.8 178.2 1.12345678987 
24.6 -13.8 1.12345678987 
60.6 -136.2 1.12345678987 
139.8 143.4 1.12345678987 
-83.4 -103.8 1.12345678987 
-29.4 61.8 1.12345678987 
103.8 -154.2 1.12345678987 
69.0 3.0 1.12345678987 
142.2 52.2 1.12345678987 
100.2 -179.4 1.12345678987 
-159.0 27.0 1.12345678987 
-138.6 85.8 1.12345678987 
160.2 40.2 1.12345678987 
-3.0 -7.8 1.12345678987 
1.8 -136.2 1.12345678987 
-11.4 -147.0 1.12345678987 
-137.4 -105.0 1.12345678987 
-175.8 23.4 1.12345678987 
-9.0 -29.4 1.12345678987 
-15.0 174.6 1.12345678987 
5.4 132.6 1.12345678987 
131.4 99.0 1.12345678987 
31.8 148.2 1.12345678987 
72.6 -97.8 1.12345678987 
-85.8 64.2 1.12345678987 
-107.4 178.2 1.12345678987 
-39.0 -131.4 1.12345678987 
156.6 -161.4 1.12345678987 
48.6 7.8 1.12345678987 
-0.6 -49.8 1.12345678987 
-82.2 -177.0 1.12345678987 
-5.4 171.0 1.12345678987 
90.6 178.2 1.12345678987 
135.0 -148.2 1.12345678987 
168.6 -143.4 1.12345678987 
-138.6 -33.0 1.12345678987 
114.6 179.4 1.12345678987 
-113.4 -153.0 1.12345678987 
-139.8 133.8 1.12345678987 
-11.4 -35.4 1.12345678987 
29.4 -88.2 1.12345678987 
-54.6 -133.8 1.12345678987 
43.8 33.0 1.12345678987 
0.6 -155.4 1.12345678987 
-109.8 43.8 1.12345678987 
141.0 123.0 1.12345678987 
-47.4 -173.4 1.12345678987 
172.2 -135.0 1.12345678987 
-135.0 85.8 1.12345678987 
-135.0 -174.6 1.12345678987 
-9.0 137.4 1.12345678987 
-57.0 -97.8 1.12345678987 
-142.2 -72.6 1.12345678987 
141.0 154.2 1.12345678987 
52.2 0.6 1.12345678987 
-160.2 -89.4 1.12345678987 
-108.6 136.2 1.12345678987 
-102.6 -29.4 1.12345678987 
7.8 -48.6 1.12345678987 
6.6 51.0 1.12345678987 
-107.4 100.2 1.12345678987 
-101.4 -72.6 1.12345678987 
-10.2 -131.4 1.12345678987 
84.6 156.6 1.12345678987 
-33.0 -174.6 1.12345678987 
131.4 12.6 1.12345678987 
114.6 -159.0 1.12345678987 
-178.2 -55.8 1.12345678987 
91.8 90.6 1.12345678987 
-4.2 67.8 1.12345678987 
114.6 46.2 1.12345678987 
-167.4 -153.0 1.12345678987 
117.0 -22.2 1.12345678987 
-9.0 135.0 1.12345678987 
-97.8 19.8 1.12345678987 
119.4 -133.8 1.12345678987 
-161.4 -13.8 1.12345678987 
-115.8 -150.6 1.12345678987 
-36.6 -121.8 1.12345678987 
64.2 -71.4 1.12345678987 
106.2 155.4 1.12345678987 
178.2 144.6 1.12345678987 
46.2 -33.0 1.12345678987 
-144.6 -99.0 1.12345678987 
-172.2 -12.6 1.12345678987 
-85.8 -168.6 1.12345678987 
-21.0 147.0 1.12345678987 
13.8 145.8 1.12345678987 
-37.8 -142.2 1.12345678987 
112.2 -97.8 1.12345678987 
-154.2 147.0 1.12345678987 
131.4 -97.8 1.12345678987 
124.2 -75.0 1.12345678987 
-124.2 -171.0 1.12345678987 
175.8 39.0 1.12345678987 
-19.8 -24.6 1.12345678987 
130.2 -65.4 1.12345678987 
-30.6 46.2 1.12345678987 
-53.4 100.2 1.12345678987 
54.6 -75.0 1.12345678987 
77.4 -81.0 1.12345678987 
-175.8 -7.8 1.12345678987 
-148.2 -87.0 1.12345678987 
-89.4 -118.2 1.12345678987 
97.8 -171.0 1.12345678987 
-143.4 153.0 1.12345678987 
-93.0 153.0 1.12345678987 
-53.4 -156.6 1.12345678987 
151.8 -113.4 1.12345678987 
-30.6 103.8 1.12345678987 
-178.2 -37.8 1.12345678987 
51.0 -85.8 1.12345678987 
-114.6 63.0 1.12345678987 
3.0 157.8 1.12345678987 
-100.2 -96.6 1.12345678987 
-51.0 173.4 1.12345678987 
90.6 11.4 1.12345678987 
-173.4 5.4 1.12345678987 
78.6 112.2 1.12345678987 
71.4 -71.4 1.12345678987 
-119.4 -144.6 1.12345678987 
-120.6 -72.6 1.12345678987 
-30.6 -165.0 1.12345678987 
28.2 -28.2 1.12345678987 
-156.6 141.0 1.12345678987 
-43.8 55.8 1.12345678987 
53.4 95.4 1.12345678987 
-52.2 175.8 1.12345678987 
115.8 -166.2 1.12345678987 
-130.2 117.0 1.12345678987 
-18.6 -16.2 1.12345678987 
148.2 -85.8 1.12345678987 
-81.0 -7.8 1.12345678987 
-72.6 -125.4 1.12345678987 
-57.0 -106.2 1.12345678987 
-106.2 -55.8 1.12345678987 
-48.6 -88.2 1.12345678987 
156.6 147.0 1.12345678987 
-106.2 163.8 1.12345678987 
-100.2 -27.0 1.12345678987 
27.0 60.6 1.12345678987 
-65.4 -126.6 1.12345678987 
-148.2 88.2 1.12345678987 
10.2 -37.8 1.12345678987 
-36.6 167.4 1.12345678987 
59.4 169.8 1.12345678987 
144.6 -143.4 1.12345678987 
19.8 64.2 1.12345678987 
-145.8 -31.8 1.12345678987 
-13.8 100.2 1.12345678987 
13.8 167.4 1.12345678987 
-60.6 -81.0 1.12345678987 
-151.8 79.8 1.12345678987 
29.4 -150.6 1.12345678987 
-174.6 156.6 1.12345678987 
-125.4 -67.8 1.12345678987 
31.8 -115.8 1.12345678987 
-163.8 167.4 1.12345678987 
3.0 93.0 1.12345678987 
-118.2 -168.6 1.12345678987 
-63.0 78.6 1.12345678987 
30.6 53.4 1.12345678987 
-175.8 41.4 1.12345678987 
136.2 58.2 1.12345678987 
-59.4 -112.2 1.12345678987 
-82.2 93.0 1.12345678987 
-71.4 93.0 1.12345678987 
-154.2 156.6 1.12345678987 
90.6 84.6 1.12345678987 
-106.2 40.2 1.12345678987 
-166.2 33.0 1.12345678987 
83.4 64.2 1.12345678987 
-88.2 4.2 1.12345678987 
-55.8 91.8 1.12345678987 
-150.6 30.6 1.12345678987 
-99.0 43.8 1.12345678987 
57.0 60.6 1.12345678987 
-75.0 81.0 1.12345678987 
52.2 107.4 1.12345678987 
-173.4 135.0 1.12345678987 
99.0 -157.8 1.12345678987 
-21.0 18.6 1.12345678987 
-109.8 -89.4 1.12345678987 
22.2 -121.8 1.12345678987 
29.4 -112.2 1.12345678987 
-34.2 41.4 1.12345678987 
84.6 -179.4 1.12345678987 
-148.2 -163.8 1.12345678987 
94.2 18.6 1.12345678987 
21.0 148.2 1.12345678987 
-24.6 66.6 1.12345678987 
69.0 -52.2 1.12345678987 
-178.2 -15.0 1.12345678987 
149.4 78.6 1.12345678987 
57.0 -117.0 1.12345678987 
-69.0 88.2 1.12345678987 
78.6 -1.8 1.12345678987 
-131.4 -49.8 1.12345678987 
-89.4 65.4 1.12345678987 
-103.8 67.8 1.12345678987 
60.6 -88.2 1.12345678987 
0.6 -144.6 1.12345678987 
13.8 -141.0 1.12345678987 
-132.6 -163.8 1.12345678987 
-79.8 -119.4 1.12345678987 
178.2 5.4 1.12345678987 
-21.0 -151.8 1.12345678987 
35.4 -95.4 1.12345678987 
6.6 66.6 1.12345678987 
-79.8 57.0 1.12345678987 
155.4 -61.8 1.12345678987 
-40.2 -10.2 1.12345678987 
-106.2 172.2 1.12345678987 
-10.2 169.8 1.12345678987 
-43.8 0.6 1.12345678987 
132.6 -118.2 1.12345678987 
-124.2 -177.0 1.12345678987 
6.6 53.4 1.12345678987 
171.0 35.4 1.12345678987 
-47.4 -48.6 1.12345678987 
-25.8 -171.0 1.12345678987 
109.8 -28.2 1.12345678987 
77.4 37.8 1.12345678987 
-124.2 -127.8 1.12345678987 
73.8 -37.8 1.12345678987 
-45.0 -148.2 1.12345678987 
106.2 -53.4 1.12345678987 
1.8 136.2 1.12345678987 
169.8 53.4 1.12345678987 
135.0 -94.2 1.12345678987 
-90.6 7.8 1.12345678987 
-58.2 -7.8 1.12345678987 
-49.8 -154.2 1.12345678987 
147.0 70.2 1.12345678987 
-162.6 -79.8 1.12345678987 
124.2 -59.4 1.12345678987 
-105.0 60.6 1.12345678987 
-161.4 143.4 1.12345678987 
112.2 83.4 1.12345678987 
15.0 3.0 1.12345678987 
-125.4 -154.2 1.12345678987 
43.8 -127.8 1.12345678987 
-175.8 -28.2 1.12345678987 
111.0 42.6 1.12345678987 
-147.0 25.8 1.12345678987 
42.6 -0.6 1.12345678987 
-94.2 23.4 1.12345678987 
137.4 -0.6 1.12345678987 
64.2 -35.4 1.12345678987 
168.6 -117.0 1.12345678987 
-156.6 75.0 1.12345678987 
-154.2 -157.8 1.12345678987 
91.8 65.4 1.12345678987 
42.6 -63.0 1.12345678987 
4.2 -52.2 1.12345678987 
-79.8 -175.8 1.12345678987 
-105.0 -39.0 1.12345678987 
142.2 -35.4 1.12345678987 
145.8 -12.6 1.12345678987 
73.8 23.4 1.12345678987 
-41.4 -119.4 1.12345678987 
119.4 97.8 1.12345678987 
-29.4 -137.4 1.12345678987 
-100.2 -167.4 1.12345678987 
-118.2 -85.8 1.12345678987 
84.6 136.2 1.12345678987 
147.0 -81.0 1.12345678987 
84.6 -153.0 1.12345678987 
12.6 145.8 1.12345678987 
139.8 173.4 1.12345678987 
-41.4 79.8 1.12345678987 
57.0 130.2 1.12345678987 
-169.8 -58.2 1.12345678987 
-131.4 -126.6 1.12345678987 
102.6 -109.8 1.12345678987 
-143.4 101.4 1.12345678987 
0.6 -84.6 1.12345678987 
171.0 -76.2 1.12345678987 
13.8 160.2 1.12345678987 
-115.8 -162.6 1.12345678987 
153.0 -142.2 1.12345678987 
179.4 -34.2 1.12345678987 
67.8 79.8 1.12345678987 
120.6 79.8 1.12345678987 
-18.6 142.2 1.12345678987 
-22.2 -179.4 1.12345678987 
160.2 127.8 1.12345678987 
157.8 90.6 1.12345678987 
-132.6 118.2 1.12345678987 
-153.0 138.6 1.12345678987 
-75.0 -132.6 1.12345678987 
103.8 -21.0 1.12345678987 
-95.4 141.0 1.12345678987 
-177.0 61.8 1.12345678987 
-115.8 29.4 1.12345678987 
-91.8 31.8 1.12345678987 
105.0 175.8 1.12345678987 
160.2 -4.2 1.12345678987 
-71.4 115.8 1.12345678987 
77.4 -39.0 1.12345678987 
103.8 -85.8 1.12345678987 
25.8 87.0 1.12345678987 
-173.4 -17.4 1.12345678987 
-47.4 123.0 1.12345678987 
-3.0 -4.2 1.12345678987 
-25.8 16.2 1.12345678987 
-23.4 -137.4 1.12345678987 
-123.0 133.8 1.12345678987 
81.0 -1.8 1.12345678987 
95.4 -154.2 1.12345678987 
-143.4 -0.6 1.12345678987 
151.8 1.8 1.12345678987 
-4.2 61.8 1.12345678987 
-17.4 23.4 1.12345678987 
-137.4 109.8 1.12345678987 
4.2 106.2 1.12345678987 
-163.8 -90.6 1.12345678987 
-59.4 67.8 1.12345678987 
162.6 10.2 1.12345678987 
-6.6 -22.2 1.12345678987 
-177.0 76.2 1.12345678987 
-178.2 -36.6 1.12345678987 
138.6 -85.8 1.12345678987 
70.2 -64.2 1.12345678987 
131.4 18.6 1.12345678987 
-105.0 105.0 1.12345678987 
-159.0 144.6 1.12345678987 
13.8 16.2 1.12345678987 
163.8 13.8 1.12345678987 
-25.8 -87.0 1.12345678987 
-143.4 -161.4 1.12345678987 
-90.6 102.6 1.12345678987 
171.0 28.2 1.12345678987 
117.0 59.4 1.12345678987 
-123.0 -97.8 1.12345678987 
-7.8 -61.8 1.12345678987 
101.4 3.0 1.12345678987 
-54.6 -13.8 1.12345678987 
-60.6 -160.2 1.12345678987 
168.6 -28.2 1.12345678987 
-144.6 -175.8 1.12345678987 
63.0 144.6 1.12345678987 
106.2 112.2 1.12345678987 
22.2 -169.8 1.12345678987 
90.6 -90.6 1.12345678987 
165.0 3.0 1.12345678987 
151.8 40.2 1.12345678987 
-135.0 -143.4 1.12345678987 
70.2 85.8 1.12345678987 
-165.0 -118.2 1.12345678987 
168.6 -6.6 1.12345678987 
-119.4 -23.4 1.12345678987 
-132.6 -130.2 1.12345678987 
139.8 -51.0 1.12345678987 
-82.2 118.2 1.12345678987 
105.0 150.6 1.12345678987 
-175.8 -4.2 1.12345678987 
153.0 5.4 1.12345678987 
-99.0 -3.0 1.12345678987 
-153.0 105.0 1.12345678987 
-29.4 -168.6 1.12345678987 
-35.4 -61.8 1.12345678987 
-124.2 -71.4 1.12345678987 
161.4 -100.2 1.12345678987 
157.8 -61.8 1.12345678987 
156.6 36.6 1.12345678987 
61.8 151.8 1.12345678987 
-71.4 155.4 1.12345678987 
-17.4 93.0 1.12345678987 
-0.6 78.6 1.12345678987 
-114.6 125.4 1.12345678987 
87.0 66.6 1.12345678987 
148.2 174.6 1.12345678987 
147.0 165.0 1.12345678987 
143.4 90.6 1.12345678987 
-84.6 -126.6 1.12345678987 
-1.8 -54.6 1.12345678987 
-19.8 7.8 1.12345678987 
-79.8 63.0 1.12345678987 
123.0 149.4 1.12345678987 
-150.6 132.6 1.12345678987 
127.8 -161.4 1.12345678987 
127.8 -17.4 1.12345678987 
-7.8 -142.2 1.12345678987 
-173.4 -119.4 1.12345678987 
96.6 105.0 1.12345678987 
-96.6 -154.2 1.12345678987 
-133.8 -109.8 1.12345678987 
120.6 -165.0 1.12345678987 
118.2 121.8 1.12345678987 
13.8 -155.4 1.12345678987 
39.0 145.8 1.12345678987 
24.6 -1.8 1.12345678987 
130.2 -40.2 1.12345678987 
-173.4 70.2 1.12345678987 
95.4 5.4 1.12345678987 
135.0 126.6 1.12345678987 
-103.8 -18.6 1.12345678987 
-162.6 -143.4 1.12345678987 
126.6 -105.0 1.12345678987 
-53.4 55.8 1.12345678987 
124.2 -160.2 1.12345678987 
-22.2 -150.6 1.12345678987 
-7.8 95.4 1.12345678987 
30.6 25.8 1.12345678987 
153.0 -5.4 1.12345678987 
54.6 65.4 1.12345678987 
19.8 -100.2 1.12345678987 
37.8 -142.2 1.12345678987 
-64.2 123.0 1.12345678987 
-105.0 119.4 1.12345678987 
-169.8 21.0 1.12345678987 
168.6 -1.8 1.12345678987 
-13.8 6.6 1.12345678987 
-151.8 -141.0 1.12345678987 
-132.6 151.8 1.12345678987 
90.6 -135.0 1.12345678987 
114.6 -3.0 1.12345678987 
-93.0 16.2 1.12345678987 
159.0 -76.2 1.12345678987 
-58.2 -149.4 1.12345678987 
-157.8 45.0 1.12345678987 
-43.8 65.4 1.12345678987 
7.8 41.4 1.12345678987 
100.2 64.2 1.12345678987 
-12.6 -22.2 1.12345678987 
31.8 -169.8 1.12345678987 
-94.2 -36.6 1.12345678987 
85.8 -175.8 1.12345678987 
-156.6 -139.8 1.12345678987 
127.8 132.6 1.12345678987 
-119.4 70.2 1.12345678987 
-43.8 58.2 1.12345678987 
113.4 -132.6 1.12345678987 
-15.0 173.4 1.12345678987 
107.4 81.0 1.12345678987 
118.2 -0.6 1.12345678987 
-160.2 144.6 1.12345678987 
-37.8 0.6 1.12345678987 
-94.2 102.6 1.12345678987 
-25.8 -52.2 1.12345678987 
-22.2 16.2 1.12345678987 
-127.8 -177.0 1.12345678987 
64.2 -58.2 1.12345678987 
-144.6 172.2 1.12345678987 
142.2 -106.2 1.12345678987 
19.8 49.8 1.12345678987 
113.4 -58.2 1.12345678987 
-141.0 -76.2 1.12345678987 
174.6 123.0 1.12345678987 
-67.8 78.6 1.12345678987 
-109.8 137.4 1.12345678987 
-48.6 -129.0 1.12345678987 
-127.8 3.0 1.12345678987 
-89.4 -40.2 1.12345678987 
43.8 76.2 1.12345678987 
138.6 96.6 1.12345678987 
29.4 54.6 1.12345678987 
99.0 -47.4 1.12345678987 
-24.6 -88.2 1.12345678987 
-113.4 -97.8 1.12345678987 
-107.4 70.2 1.12345678987 
52.2 78.6 1.12345678987 
-125.4 141.0 1.12345678987 
-40.2 21.0 1.12345678987 
-102.6 127.8 1.12345678987 
-165.0 -60.6 1.12345678987 
-15.0 40.2 1.12345678987 
-138.6 59.4 1.12345678987 
85.8 36.6 1.12345678987 
124.2 138.6 1.12345678987 
177.0 -95.4 1.12345678987 
-95.4 -114.6 1.12345678987 
-66.6 27.0 1.12345678987 
177.0 -153.0 1.12345678987 
-178.2 -147.0 1.12345678987 
131.4 -71.4 1.12345678987 
-151.8 -119.4 1.12345678987 
-33.0 -33.0 1.12345678987 
-147.0 -76.2 1.12345678987 
31.8 9.0 1.12345678987 
-67.8 -70.2 1.12345678987 
107.4 33.0 1.12345678987 
143.4 -43.8 1.12345678987 
-135.0 27.0 1.12345678987 
21.0 108.6 1.12345678987 
-127.8 -51.0 1.12345678987 
-156.6 6.6 1.12345678987 
-65.4 -112.2 1.12345678987 
-17.4 -106.2 1.12345678987 
51.0 -46.2 1.12345678987 
55.8 24.6 1.12345678987 
-108.6 40.2 1.12345678987 
55.8 -133.8 1.12345678987 
-133.8 -55.8 1.12345678987 
-61.8 -33.0 1.12345678987 
-119.4 -126.6 1.12345678987 
-166.2 48.6 1.12345678987 
75.0 -163.8 1.12345678987 
-51.0 72.6 1.12345678987 
112.2 36.6 1.12345678987 
-73.8 -126.6 1.12345678987 
-0.6 175.8 1.12345678987 
149.4 -119.4 1.12345678987 
-129.0 -95.4 1.12345678987 
11.4 -138.6 1.12345678987 
83.4 31.8 1.12345678987 
-172.2 82.2 1.12345678987 
72.6 9.0 1.12345678987 
-17.4 -69.0 1.12345678987 
-59.4 91.8 1.12345678987 
148.2 119.4 1.12345678987 
-161.4 -163.8 1.12345678987 
-29.4 54.6 1.12345678987 
-102.6 121.8 1.12345678987 
82.2 135.0 1.12345678987 
-151.8 -178.2 1.12345678987 
-61.8 -172.2 1.12345678987 
18.6 125.4 1.12345678987 
41.4 107.4 1.12345678987 
-22.2 -120.6 1.12345678987 
87.0 -126.6 1.12345678987 
173.4 -94.2 1.12345678987 
-87.0 -106.2 1.12345678987 
-177.0 58.2 1.12345678987 
-99.0 -126.6 1.12345678987 
-83.4 84.6 1.12345678987 
-79.8 -133.8 1.12345678987 
-141.0 -66.6 1.12345678987 
-76.2 -93.0 1.12345678987 
172.2 -40.2 1.12345678987 
163.8 29.4 1.12345678987 
-163.8 -65.4 1.12345678987 
169.8 -145.8 1.12345678987 
-141.0 -9.0 1.12345678987 
160.2 -54.6 1.12345678987 
59.4 97.8 1.12345678987 
-171.0 -76.2 1.12345678987 
121.8 36.6 1.12345678987 
-127.8 -102.6 1.12345678987 
-132.6 -0.6 1.12345678987 
-4.2 -73.8 1.12345678987 
-28.2 64.2 1.12345678987 
136.2 178.2 1.12345678987 
-121.8 85.8 1.12345678987 
136.2 -151.8 1.12345678987 
28.2 85.8 1.12345678987 
-18.6 103.8 1.12345678987 
161.4 31.8 1.12345678987 
-131.4 -22.2 1.12345678987 
125.4 48.6 1.12345678987 
103.8 -30.6 1.12345678987 
-132.6 6.6 1.12345678987 
72.6 42.6 1.12345678987 
64.2 171.0 1.12345678987 
70.2 161.4 1.12345678987 
-60.6 -103.8 1.12345678987 
-168.6 -97.8 1.12345678987 
88.2 35.4 1.12345678987 
-64.2 130.2 1.12345678987 
93.0 -103.8 1.12345678987 
156.6 -118.2 1.12345678987 
-47.4 -63.0 1.12345678987 
-30.6 58.2 1.12345678987 
-108.6 -11.4 1.12345678987 
120.6 13.8 1.12345678987 
51.0 1.8 1.12345678987 
21.0 69.0 1.12345678987 
72.6 -163.8 1.12345678987 
127.8 -33.0 1.12345678987 
85.8 113.4 1.12345678987 
-45.0 -4.2 1.12345678987 
31.8 39.0 1.12345678987 
82.2 -174.6 1.12345678987 
160.2 -47.4 1.12345678987 
51.0 -94.2 1.12345678987 
57.0 -11.4 1.12345678987 
4.2 93.0 1.12345678987 
-90.6 -112.2 1.12345678987 
-76.2 108.6 1.12345678987 
-123.0 -100.2 1.12345678987 
-138.6 95.4 1.12345678987 
3.0 48.6 1.12345678987 
-35.4 -41.4 1.12345678987 
-31.8 -168.6 1.12345678987 
-136.2 108.6 1.12345678987 
-12.6 156.6 1.12345678987 
163.8 67.8 1.12345678987 
132.6 131.4 1.12345678987 
133.8 169.8 1.12345678987 
121.8 -21.0 1.12345678987 
118.2 -69.0 1.12345678987 
157.8 -42.6 1.12345678987 
163.8 -83.4 1.12345678987 
-48.6 31.8 1.12345678987 
179.4 28.2 1.12345678987 
-131.4 -90.6 1.12345678987 
130.2 -37.8 1.12345678987 
-41.4 -171.0 1.12345678987 
-82.2 119.4 1.12345678987 
88.2 -118.2 1.12345678987 
-157.8 -23.4 1.12345678987 
150.6 -109.8 1.12345678987 
121.8 -76.2 1.12345678987 
-149.4 12.6 1.12345678987 
59.4 141.0 1.12345678987 
29.4 -144.6 1.12345678987 
155.4 -9.0 1.12345678987 
-133.8 -148.2 1.12345678987 
-114.6 90.6 1.12345678987 
-17.4 -165.0 1.12345678987 
11.4 55.8 1.12345678987 
156.6 -130.2 1.12345678987 
12.6 -127.8 1.12345678987 
-177.0 -65.4 1.12345678987 
172.2 -138.6 1.12345678987 
-133.8 -60.6 1.12345678987 
129.0 115.8 1.12345678987 
63.0 -72.6 1.12345678987 
147.0 -97.8 1.12345678987 
-55.8 -31.8 1.12345678987 
-59.4 -84.6 1.12345678987 
-63.0 -22.2 1.12345678987 
-174.6 178.2 1.12345678987 
-125.4 -87.0 1.12345678987 
91.8 88.2 1.12345678987 
31.8 31.8 1.12345678987 
168.6 37.8 1.12345678987 
-82.2 9.0 1.12345678987 
-42.6 123.0 1.12345678987 
5.4 157.8 1.12345678987 
-168.6 -121.8 1.12345678987 
-160.2 -53.4 1.12345678987 
-174.6 124.2 1.12345678987 
27.0 163.8 1.12345678987 
136.2 -135.0 1.12345678987 
131.4 54.6 1.12345678987 
-73.8 -13.8 1.12345678987 
0.6 -39.0 1.12345678987 
124.2 -1.8 1.12345678987 
87.0 -3.0 1.12345678987 
106.2 -55.8 1.12345678987 
-150.6 -27.0 1.12345678987 
153.0 -127.8 1.12345678987 
84.6 -58.2 1.12345678987 
127.8 -125.4 1.12345678987 
120.6 24.6 1.12345678987 
-1.8 -3.0 1.12345678987 
-36.6 -59.4 1.12345678987 
-168.6 -168.6 1.12345678987 
-4.2 -52.2 1.12345678987 
35.4 91.8 1.12345678987 
91.8 -97.8 1.12345678987 
167.4 -111.0 1.12345678987 
13.8 77.4 1.12345678987 
-141.0 137.4 1.12345678987 
-60.6 -172.2 1.12345678987 
-47.4 109.8 1.12345678987 
89.4 45.0 1.12345678987 
48.6 -145.8 1.12345678987 
-145.8 18.6 1.12345678987 
-137.4 39.0 1.12345678987 
-67.8 24.6 1.12345678987 
-144.6 119.4 1.12345678987 
-82.2 43.8 1.12345678987 
-149.4 89.4 1.12345678987 
106.2 -84.6 1.12345678987 
-171.0 102.6 1.12345678987 
13.8 -75.0 1.12345678987 
3.0 24.6 1.12345678987 
-75.0 78.6 1.12345678987 
-85.8 -102.6 1.12345678987 
-143.4 79.8 1.12345678987 
17.4 129.0 1.12345678987 
90.6 -77.4 1.12345678987 
-173.4 126.6 1.12345678987 
-141.0 -6.6 1.12345678987 
61.8 -53.4 1.12345678987 
-53.4 -133.8 1.12345678987 
118.2 -101.4 1.12345678987 
-23.4 42.6 1.12345678987 
-155.4 131.4 1.12345678987 
-73.8 -57.0 1.12345678987 
-78.6 3.0 1.12345678987 
-133.8 -54.6 1.12345678987 
-49.8 -13.8 1.12345678987 
-19.8 165.0 1.12345678987 
-143.4 172.2 1.12345678987 
-49.8 155.4 1.12345678987 
-35.4 -43.8 1.12345678987 
-120.6 34.2 1.12345678987 
99.0 124.2 1.12345678987 
54.6 -172.2 1.12345678987 
124.2 114.6 1.12345678987 
47.4 79.8 1.12345678987 
-145.8 124.2 1.12345678987 
89.4 132.6 1.12345678987 
61.8 -157.8 1.12345678987 
-159.0 96.6 1.12345678987 
105.0 76.2 1.12345678987 
-23.4 137.4 1.12345678987 
89.4 -81.0 1.12345678987 
7.8 -123.0 1.12345678987 
139.8 -135.0 1.12345678987 
-9.0 -105.0 1.12345678987 
106.2 -114.6 1.12345678987 
-99.0 -177.0 1.12345678987 
88.2 97.8 1.12345678987 
-165.0 -63.0 1.12345678987 
-94.2 -94.2 1.12345678987 
84.6 103.8 1.12345678987 
45.0 -6.6 1.12345678987 
0.6 -72.6 1.12345678987 
15.0 88.2 1.12345678987 
144.6 -125.4 1.12345678987 
-96.6 -75.0 1.12345678987 
-85.8 48.6 1.12345678987 
-64.2 52.2 1.12345678987 
-178.2 19.8 1.12345678987 
108.6 -17.4 1.12345678987 
102.6 -59.4 1.12345678987 
-174.6 -60.6 1.12345678987 
-63.0 -141.0 1.12345678987 
113.4 -155.4 1.12345678987 
52.2 94.2 1.12345678987 
-54.6 -34.2 1.12345678987 
121.8 27.0 1.12345678987 
-47.4 -160.2 1.12345678987 
-168.6 -67.8 1.12345678987 
179.4 0.6 1.12345678987 
29.4 22.2 1.12345678987 
-97.8 -160.2 1.12345678987 
-97.8 -94.2 1.12345678987 
137.4 95.4 1.12345678987 
118.2 168.6 1.12345678987 
-102.6 162.6 1.12345678987 
91.8 145.8 1.12345678987 
-22.2 157.8 1.12345678987 
118.2 -172.2 1.12345678987 
105.0 130.2 1.12345678987 
77.4 64.2 1.12345678987 
-167.4 -171.0 1.12345678987 
-40.2 -95.4 1.12345678987 
-23.4 79.8 1.12345678987 
-53.4 -15.0 1.12345678987 
15.0 23.4 1.12345678987 
-39.0 -163.8 1.12345678987 
18.6 61.8 1.12345678987 
-156.6 -59.4 1.12345678987 
-178.2 -125.4 1.12345678987 
7.8 -102.6 1.12345678987 
69.0 156.6 1.12345678987 
-12.6 5.4 1.12345678987 
-39.0 -58.2 1.12345678987 
133.8 -88.2 1.12345678987 
-132.6 -22.2 1.12345678987 
112.2 -93.0 1.12345678987 
72.6 58.2 1.12345678987 
156.6 97.8 1.12345678987 
76.2 -40.2 1.12345678987 
112.2 -154.2 1.12345678987 
57.0 136.2 1.12345678987 
0.6 -141.0 1.12345678987 
-109.8 85.8 1.12345678987 
-85.8 -42.6 1.12345678987 
-30.6 -161.4 1.12345678987 
-61.8 90.6 1.12345678987 
-89.4 4.2 1.12345678987 
-163.8 73.8 1.12345678987 
65.4 59.4 1.12345678987 
1.8 94.2 1.12345678987 
153.0 -3.0 1.12345678987 
-117.0 129.0 1.12345678987 
-34.2 -90.6 1.12345678987 
-125.4 -28.2 1.12345678987 
-37.8 -27.0 1.12345678987 
111.0 147.0 1.12345678987 
29.4 -156.6 1.12345678987 
34.2 -0.6 1.12345678987 
-17.4 -100.2 1.12345678987 
-63.0 5.4 1.12345678987 
4.2 -150.6 1.12345678987 
143.4 109.8 1.12345678987 
-84.6 -121.8 1.12345678987 
-61.8 167.4 1.12345678987 
119.4 -173.4 1.12345678987 
-30.6 -27.0 1.12345678987 
15.0 13.8 1.12345678987 
73.8 90.6 1.12345678987 
-72.6 136.2 1.12345678987 
81.0 153.0 1.12345678987 
101.4 64.2 1.12345678987 
-178.2 57.0 1.12345678987 
-84.6 6.6 1.12345678987 
165.0 43.8 1.12345678987 
6.6 -67.8 1.12345678987 
-40.2 -11.4 1.12345678987 
129.0 10.2 1.12345678987 
138.6 -126.6 1.12345678987 
89.4 -132.6 1.12345678987 
-42.6 165.0 1.12345678987 
130.2 69.0 1.12345678987 
155.4 -105.0 1.12345678987 
-39.0 147.0 1.12345678987 
71.4 -19.8 1.12345678987 
10.2 -42.6 1.12345678987 
-11.4 72.6 1.12345678987 
79.8 150.6 1.12345678987 
-172.2 109.8 1.12345678987 
-119.4 156.6 1.12345678987 
19.8 84.6 1.12345678987 
33.0 -138.6 1.12345678987 
111.0 -155.4 1.12345678987 
-139.8 0.6 1.12345678987 
143.4 -123.0 1.12345678987 
99.0 -83.4 1.12345678987 
-85.8 -52.2 1.12345678987 
-0.6 144.6 1.12345678987 
-132.6 166.2 1.12345678987 
-171.0 -96.6 1.12345678987 
43.8 -119.4 1.12345678987 
-83.4 -90.6 1.12345678987 
-55.8 161.4 1.12345678987 
25.8 -118.2 1.12345678987 
-25.8 -132.6 1.12345678987 
165.0 124.2 1.12345678987 
-154.2 -159.0 1.12345678987 
13.8 -96.6 1.12345678987 
-78.6 -178.2 1.12345678987 
-99.0 -19.8 1.12345678987 
23.4 51.0 1.12345678987 
-168.6 93.0 1.12345678987 
-7.8 -82.2 1.12345678987 
-25.8 101.4 1.12345678987 
79.8 -16.2 1.12345678987 
-113.4 -48.6 1.12345678987 
-93.0 59.4 1.12345678987 
25.8 129.0 1.12345678987 
65.4 141.0 1.12345678987 
-33.0 67.8 1.12345678987 
63.0 -49.8 1.12345678987 
34.2 113.4 1.12345678987 
-52.2 135.0 1.12345678987 
138.6 5.4 1.12345678987 
-21.0 -123.0 1.12345678987 
151.8 -63.0 1.12345678987 
145.8 3.0 1.12345678987 
89.4 148.2 1.12345678987 
19.8 70.2 1.12345678987 
31.8 6.6 1.12345678987 
76.2 165.0 1.12345678987 
6.6 52.2 1.12345678987 
-65.4 -136.2 1.12345678987 
73.8 -97.8 1.12345678987 
-78.6 -3.0 1.12345678987 
100.2 -159.0 1.12345678987 
132.6 -127.8 1.12345678987 
-100.2 151.8 1.12345678987 
148.2 -171.0 1.12345678987 
77.4 93.0 1.12345678987 
-142.2 -13.8 1.12345678987 
-58.2 79.8 1.12345678987 
96.6 89.4 1.12345678987 
165.0 10.2 1.12345678987 
-58.2 -177.0 1.12345678987 
-55.8 -17.4 1.12345678987 
-23.4 166.2 1.12345678987 
-75.0 -151.8 1.12345678987 
178.2 156.6 1.12345678987 
-97.8 -172.2 1.12345678987 
61.8 69.0 1.12345678987 
87.0 -115.8 1.12345678987 
31.8 -159.0 1.12345678987 
171.0 -36.6 1.12345678987 
-67.8 -61.8 1.12345678987 
-153.0 -145.8 1.12345678987 
35.4 -148.2 1.12345678987 
-174.6 172.2 1.12345678987 
112.2 -139.8 1.12345678987 
13.8 -6.6 1.12345678987 
114.6 -167.4 1.12345678987 
-42.6 -75.0 1.12345678987 
-179.4 -46.2 1.12345678987 
17.4 -36.6 1.12345678987 
70.2 -48.6 1.12345678987 
-47.4 -105.0 1.12345678987 
4.2 -169.8 1.12345678987 
132.6 0.6 1.12345678987 
171.0 111.0 1.12345678987 
160.2 -89.4 1.12345678987 
51.0 -45.0 1.12345678987 
137.4 -105.0 1.12345678987 
144.6 -11.4 1.12345678987 
145.8 -120.6 1.12345678987 
-91.8 -137.4 1.12345678987 
-46.2 87.0 1.12345678987 
51.0 -100.2 1.12345678987 
64.2 -42.6 1.12345678987 
85.8 94.2 1.12345678987 
-46.2 -19.8 1.12345678987 
96.6 161.4 1.12345678987 
60.6 53.4 1.12345678987 
59.4 59.4 1.12345678987 
100.2 -123.0 1.12345678987 
33.0 -3.0 1.12345678987 
169.8 129.0 1.12345678987 
163.8 -35.4 1.12345678987 
88.2 -125.4 1.12345678987 
-71.4 161.4 1.12345678987 
49.8 115.8 1.12345678987 
85.8 -97.8 1.12345678987 
41.4 78.6 1.12345678987 
-121.8 150.6 1.12345678987 
-85.8 173.4 1.12345678987 
3.0 -33.0 1.12345678987 
150.6 -70.2 1.12345678987 
-70.2 -28.2 1.12345678987 
107.4 -161.4 1.12345678987 
21.0 -51.0 1.12345678987 
-117.0 126.6 1.12345678987 
151.8 160.2 1.12345678987 
113.4 21.0 1.12345678987 
-102.6 -60.6 1.12345678987 
-89.4 125.4 1.12345678987 
-117.0 -46.2 1.12345678987 
19.8 111.0 1.12345678987 
-168.6 -161.4 1.12345678987 
-4.2 -163.8 1.12345678987 
-77.4 120.6 1.12345678987 
147.0 -60.6 1.12345678987 
129.0 -79.8 1.12345678987 
-177.0 19.8 1.12345678987 
-149.4 47.4 1.12345678987 
-45.0 -19.8 1.12345678987 
-165.0 -175.8 1.12345678987 
-35.4 67.8 1.12345678987 
-166.2 57.0 1.12345678987 
52.2 -145.8 1.12345678987 
172.2 108.6 1.12345678987 
33.0 82.2 1.12345678987 
-1.8 -64.2 1.12345678987 
-150.6 -102.6 1.12345678987 
-90.6 41.4 1.12345678987 
-112.2 17.4 1.12345678987 
-102.6 -84.6 1.12345678987 
-105.0 -97.8 1.12345678987 
-102.6 -64.2 1.12345678987 
-175.8 -58.2 1.12345678987 
-75.0 47.4 1.12345678987 
-41.4 177.0 1.12345678987 
133.8 59.4 1.12345678987 
63.0 111.0 1.12345678987 
-70.2 -16.2 1.12345678987 
117.0 -123.0 1.12345678987 
49.8 85.8 1.12345678987 
-53.4 118.2 1.12345678987 
67.8 40.2 1.12345678987 
31.8 -29.4 1.12345678987 
96.6 91.8 1.12345678987 
126.6 143.4 1.12345678987 
-118.2 178.2 1.12345678987 
-66.6 22.2 1.12345678987 
-69.0 -65.4 1.12345678987 
-126.6 97.8 1.12345678987 
-21.0 -127.8 1.12345678987 
-43.8 -178.2 1.12345678987 
-111.0 -45.0 1.12345678987 
25.8 130.2 1.12345678987 
159.0 21.0 1.12345678987 
-9.0 -34.2 1.12345678987 
-19.8 -49.8 1.12345678987 
-21.0 -126.6 1.12345678987 
145.8 169.8 1.12345678987 
99.0 -24.6 1.12345678987 
-30.6 -1.8 1.12345678987 
71.4 109.8 1.12345678987 
142.2 76.2 1.12345678987 
89.4 -121.8 1.12345678987 
37.8 -155.4 1.12345678987 
-127.8 84.6 1.12345678987 
131.4 108.6 1.12345678987 
1.8 -121.8 1.12345678987 
-3.0 139.8 1.12345678987 
-18.6 40.2 1.12345678987 
-47.4 -3.0 1.12345678987 
94.2 124.2 1.12345678987 
10.2 -150.6 1.12345678987 
149.4 -34.2 1.12345678987 
-22.2 59.4 1.12345678987 
-167.4 -124.2 1.12345678987 
132.6 -169.8 1.12345678987 
88.2 3.0 1.12345678987 
34.2 145.8 1.12345678987 
119.4 -87.0 1.12345678987 
-40.2 153.0 1.12345678987 
84.6 -57.0 1.12345678987 
-133.8 100.2 1.12345678987 
150.6 66.6 1.12345678987 
-114.6 -46.2 1.12345678987 
-161.4 -150.6 1.12345678987 
-153.0 -71.4 1.12345678987 
-107.4 27.0 1.12345678987 
30.6 -13.8 1.12345678987 
168.6 28.2 1.12345678987 
-35.4 -72.6 1.12345678987 
49.8 51.0 1.12345678987 
144.6 -99.0 1.12345678987 
-73.8 -115.8 1.12345678987 
115.8 52.2 1.12345678987 
94.2 -129.0 1.12345678987 
-28.2 13.8 1.12345678987 
-46.2 -105.0 1.12345678987 
-76.2 -0.6 1.12345678987 
-81.0 -167.4 1.12345678987 
60.6 155.4 1.12345678987 
89.4 12.6 1.12345678987 
-139.8 159.0 1.12345678987 
-63.0 58.2 1.12345678987 
160.2 -69.0 1.12345678987 
-1.8 125.4 1.12345678987 
-5.4 -179.4 1.12345678987 
-141.0 -39.0 1.12345678987 
178.2 -93.0 1.12345678987 
-168.6 40.2 1.12345678987 
41.4 102.6 1.12345678987 
157.8 -99.0 1.12345678987 
-76.2 106.2 1.12345678987 
103.8 103.8 1.12345678987 
-157.8 -47.4 1.12345678987 
61.8 133.8 1.12345678987 
35.4 -165.0 1.12345678987 
-121.8 120.6 1.12345678987 
15.0 -91.8 1.12345678987 
52.2 -149.4 1.12345678987 
35.4 -84.6 1.12345678987 
91.8 141.0 1.12345678987 
76.2 27.0 1.12345678987 
-71.4 -35.4 1.12345678987 
-39.0 -25.8 1.12345678987 
117.0 76.2 1.12345678987 
-112.2 0.6 1.12345678987 
60.6 -106.2 1.12345678987 
-6.6 49.8 1.12345678987 
107.4 17.4 1.12345678987 
-7.8 19.8 1.12345678987 
4.2 69.0 1.12345678987 
25.8 167.4 1.12345678987 
-71.4 72.6 1.12345678987 
113.4 121.8 1.12345678987 
63.0 108.6 1.12345678987 
-60.6 64.2 1.12345678987 
-96.6 -97.8 1.12345678987 
93.0 22.2 1.12345678987 
-28.2 133.8 1.12345678987 
-114.6 -63.0 1.12345678987 
97.8 117.0 1.12345678987 
28.2 49.8 1.12345678987 
-19.8 157.8 1.12345678987 
-29.4 -103.8 1.12345678987 
-136.2 81.0 1.12345678987 
9.0 -160.2 1.12345678987 
-94.2 90.6 1.12345678987 
-29.4 160.2 1.12345678987 
-136.2 72.6 1.12345678987 
-59.4 22.2 1.12345678987 
-59.4 -167.4 1.12345678987 
-117.0 54.6 1.12345678987 
-161.4 28.2 1.12345678987 
79.8 37.8 1.12345678987 
-18.6 6.6 1.12345678987 
165.0 -99.0 1.12345678987 
18.6 -168.6 1.12345678987 
-57.0 87.0 1.12345678987 
34.2 107.4 1.12345678987 
117.0 -52.2 1.12345678987 
-75.0 -90.6 1.12345678987 
-114.6 21.0 1.12345678987 
-141.0 105.0 1.12345678987 
-53.4 -39.0 1.12345678987 
1.8 -30.6 1.12345678987 
57.0 4.2 1.12345678987 
-45.0 53.4 1.12345678987 
28.2 -178.2 1.12345678987 
94.2 -82.2 1.12345678987 
166.2 -178.2 1.12345678987 
93.0 25.8 1.12345678987 
-47.4 89.4 1.12345678987 
-121.8 -0.6 1.12345678987 
95.4 101.4 1.12345678987 
179.4 165.0 1.12345678987 
177.0 133.8 1.12345678987 
-160.2 -155.4 1.12345678987 
-93.0 17.4 1.12345678987 
-61.8 82.2 1.12345678987 
-101.4 -22.2 1.12345678987 
-9.0 -45.0 1.12345678987 
13.8 58.2 1.12345678987 
115.8 120.6 1.12345678987 
-16.2 31.8 1.12345678987 
40.2 -160.2 1.12345678987 
143.4 -167.4 1.12345678987 
-129.0 42.6 1.12345678987 
-19.8 154.2 1.12345678987 
-54.6 24.6 1.12345678987 
78.6 -117.0 1.12345678987 
-93.0 133.8 1.12345678987 
-69.0 -99.0 1.12345678987 
-156.6 174.6 1.12345678987 
106.2 -175.8 1.12345678987 
83.4 143.4 1.12345678987 
-28.2 -108.6 1.12345678987 
153.0 109.8 1.12345678987 
112.2 159.0 1.12345678987 
-162.6 -135.0 1.12345678987 
5.4 40.2 1.12345678987 
-23.4 -59.4 1.12345678987 
-11.4 142.2 1.12345678987 
-123.0 35.4 1.12345678987 
-11.4 -109.8 1.12345678987 
-153.0 -72.6 1.12345678987 
-125.4 22.2 1.12345678987 
-141.0 88.2 1.12345678987 
24.6 -103.8 1.12345678987 
-97.8 138.6 1.12345678987 
-23.4 -161.4 1.12345678987 
173.4 -136.2 1.12345678987 
55.8 -35.4 1.12345678987 
96.6 12.6 1.12345678987 
69.0 -31.8 1.12345678987 
-4.2 142.2 1.12345678987 
-175.8 -59.4 1.12345678987 
22.2 -159.0 1.12345678987 
-46.2 -97.8 1.12345678987 
-89.4 127.8 1.12345678987 
-121.8 73.8 1.12345678987 
-95.4 -88.2 1.12345678987 
-65.4 142.2 1.12345678987 
127.8 47.4 1.12345678987 
78.6 118.2 1.12345678987 
41.4 -95.4 1.12345678987 
113.4 109.8 1.12345678987 
-1.8 -31.8 1.12345678987 
-66.6 -132.6 1.12345678987 
144.6 -159.0 1.12345678987 
69.0 149.4 1.12345678987 
-160.2 106.2 1.12345678987 
57.0 90.6 1.12345678987 
23.4 114.6 1.12345678987 
33.0 58.2 1.12345678987 
159.0 -165.0 1.12345678987 
169.8 160.2 1.12345678987 
-160.2 -91.8 1.12345678987 
-1.8 -34.2 1.12345678987 
-15.0 5.4 1.12345678987 
49.8 -69.0 1.12345678987 
106.2 -163.8 1.12345678987 
-145.8 -96.6 1.12345678987 
175.8 -61.8 1.12345678987 
97.8 156.6 1.12345678987 
-142.2 -172.2 1.12345678987 
-179.4 -178.2 1.12345678987 
-108.6 126.6 1.12345678987 
-63.0 53.4 1.12345678987 
-166.2 25.8 1.12345678987 
42.6 101.4 1.12345678987 
90.6 144.6 1.12345678987 
94.2 -5.4 1.12345678987 
-1.8 -168.6 1.12345678987 
119.4 33.0 1.12345678987 
88.2 89.4 1.12345678987 
-131.4 -25.8 1.12345678987 
63.0 107.4 1.12345678987 
-29.4 179.4 1.12345678987 
-87.0 118.2 1.12345678987 
65.4 -42.6 1.12345678987 
-168.6 -159.0 1.12345678987 
-30.6 -47.4 1.12345678987 
-108.6 144.6 1.12345678987 
-165.0 -66.6 1.12345678987 
-16.2 136.2 1.12345678987 
-105.0 155.4 1.12345678987 
-43.8 23.4 1.12345678987 
-13.8 -144.6 1.12345678987 
159.0 -46.2 1.12345678987 
-45.0 -36.6 1.12345678987 
40.2 -3.0 1.12345678987 
-169.8 -34.2 1.12345678987 
173.4 34.2 1.12345678987 
-169.8 -59.4 1.12345678987 
-153.0 132.6 1.12345678987 
46.2 155.4 1.12345678987 
17.4 -125.4 1.12345678987 
-148.2 106.2 1.12345678987 
28.2 -153.0 1.12345678987 
-45.0 94.2 1.12345678987 
45.0 -17.4 1.12345678987 
-100.2 -75.0 1.12345678987 
48.6 131.4 1.12345678987 
151.8 -179.4 1.12345678987 
-179.4 66.6 1.12345678987 
-147.0 13.8 1.12345678987 
-174.6 -124.2 1.12345678987 
127.8 129.0 1.12345678987 
-178.2 179.4 1.12345678987 
51.0 131.4 1.12345678987 
162.6 48.6 1.12345678987 
-71.4 125.4 1.12345678987 
-139.8 156.6 1.12345678987 
119.4 -4.2 1.12345678987 
-48.6 -163.8 1.12345678987 
58.2 -157.8 1.12345678987 
60.6 -115.8 1.12345678987 
-167.4 -144.6 1.12345678987 
-97.8 33.0 1.12345678987 
161.4 111.0 1.12345678987 
-79.8 117.0 1.12345678987 
-54.6 79.8 1.12345678987 
-88.2 165.0 1.12345678987 
151.8 43.8 1.12345678987 
103.8 72.6 1.12345678987 
39.0 9.0 1.12345678987 
-111.0 -84.6 1.12345678987 
118.2 0.6 1.12345678987 
-29.4 -12.6 1.12345678987 
-73.8 -73.8 1.12345678987 
-124.2 -49.8 1.12345678987 
-153.0 97.8 1.12345678987 
-136.2 17.4 1.12345678987 
87.0 77.4 1.12345678987 
101.4 42.6 1.12345678987 
-135.0 -101.4 1.12345678987 
-161.4 54.6 1.12345678987 
-123.0 -132.6 1.12345678987 
-178.2 -114.6 1.12345678987 
-66.6 123.0 1.12345678987 
63.0 37.8 1.12345678987 
65.4 28.2 1.12345678987 
-75.0 -114.6 1.12345678987 
-93.0 -53.4 1.12345678987 
133.8 121.8 1.12345678987 
-13.8 -112.2 1.12345678987 
45.0 175.8 1.12345678987 
42.6 59.4 1.12345678987 
-139.8 144.6 1.12345678987 
-48.6 -57.0 1.12345678987 
-93.0 119.4 1.12345678987 
-108.6 10.2 1.12345678987 
-59.4 -53.4 1.12345678987 
135.0 -108.6 1.12345678987 
23.4 135.0 1.12345678987 
69.0 -120.6 1.12345678987 
139.8 35.4 1.12345678987 
-76.2 -79.8 1.12345678987 
-60.6 -28.2 1.12345678987 
-96.6 -17.4 1.12345678987 
89.4 -23.4 1.12345678987 
17.4 172.2 1.12345678987 
112.2 -13.8 1.12345678987 
42.6 87.0 1.12345678987 
43.8 -73.8 1.12345678987 
145.8 -34.2 1.12345678987 
55.8 107.4 1.12345678987 
-174.6 33.0 1.12345678987 
-15.0 41.4 1.12345678987 
53.4 -69.0 1.12345678987 
172.2 -27.0 1.12345678987 
-135.0 63.0 1.12345678987 
-100.2 11.4 1.12345678987 
124.2 15.0 1.12345678987 
144.6 121.8 1.12345678987 
93.0 174.6 1.12345678987 
90.6 145.8 1.12345678987 
77.4 -156.6 1.12345678987 
138.6 177.0 1.12345678987 
21.0 43.8 1.12345678987 
-102.6 -143.4 1.12345678987 
-99.0 3.0 1.12345678987 
-87.0 -153.0 1.12345678987 
127.8 69.0 1.12345678987 
-103.8 -177.0 1.12345678987 
124.2 18.6 1.12345678987 
171.0 -117.0 1.12345678987 
-54.6 52.2 1.12345678987 
-166.2 106.2 1.12345678987 
147.0 61.8 1.12345678987 
27.0 9.0 1.12345678987 
-168.6 78.6 1.12345678987 
-59.4 -106.2 1.12345678987 
40.2 -36.6 1.12345678987 
-169.8 -156.6 1.12345678987 
33.0 119.4 1.12345678987 
156.6 -64.2 1.12345678987 
-141.0 -173.4 1.12345678987 
30.6 33.0 1.12345678987 
171.0 -55.8 1.12345678987 
-130.2 4.2 1.12345678987 
43.8 125.4 1.12345678987 
-0.6 65.4 1.12345678987 
10.2 173.4 1.12345678987 
167.4 5.4 1.12345678987 
105.0 -113.4 1.12345678987 
-126.6 17.4 1.12345678987 
93.0 37.8 1.12345678987 
151.8 52.2 1.12345678987 
1.8 41.4 1.12345678987 
18.6 6.6 1.12345678987 
162.6 34.2 1.12345678987 
-4.2 -21.0 1.12345678987 
-148.2 -136.2 1.12345678987 
-127.8 -169.8 1.12345678987 
-90.6 -135.0 1.12345678987 
18.6 131.4 1.12345678987 
-117.0 172.2 1.12345678987 
-150.6 -64.2 1.12345678987 
-17.4 -142.2 1.12345678987 
52.2 112.2 1.12345678987 
-151.8 94.2 1.12345678987 
16.2 137.4 1.12345678987 
-175.8 -159.0 1.12345678987 
-161.4 -61.8 1.12345678987 
-29.4 -43.8 1.12345678987 
-66.6 33.0 1.12345678987 
16.2 -131.4 1.12345678987 
-37.8 113.4 1.12345678987 
-108.6 113.4 1.12345678987 
100.2 5.4 1.12345678987 
-84.6 63.0 1.12345678987 
-113.4 3.0 1.12345678987 
-90.6 121.8 1.12345678987 
-100.2 -126.6 1.12345678987 
40.2 -107.4 1.12345678987 
-132.6 159.0 1.12345678987 
-78.6 13.8 1.12345678987 
95.4 102.6 1.12345678987 
-67.8 -121.8 1.12345678987 
-153.0 119.4 1.12345678987 
-96.6 -59.4 1.12345678987 
45.0 114.6 1.12345678987 
-5.4 -82.2 1.12345678987 
28.2 -135.0 1.12345678987 
-150.6 -174.6 1.12345678987 
-0.6 125.4 1.12345678987 
131.4 106.2 1.12345678987 
101.4 -22.2 1.12345678987 
157.8 -25.8 1.12345678987 
87.0 75.0 1.12345678987 
-65.4 -148.2 1.12345678987 
133.8 -178.2 1.12345678987 
3.0 -42.6 1.12345678987 
-179.4 -12.6 1.12345678987 
101.4 -46.2 1.12345678987 
-108.6 -94.2 1.12345678987 
-131.4 -94.2 1.12345678987 
-103.8 -58.2 1.12345678987 
171.0 150.6 1.12345678987 
-130.2 -162.6 1.12345678987 
-55.8 94.2 1.12345678987 
-18.6 119.4 1.12345678987 
-145.8 -58.2 1.12345678987 
15.0 -129.0 1.12345678987 
31.8 -65.4 1.12345678987 
-157.8 161.4 1.12345678987 
102.6 12.6 1.12345678987 
-1.8 -115.8 1.12345678987 
-171.0 121.8 1.12345678987 
154.2 -165.0 1.12345678987 
-139.8 175.8 1.12345678987 
-155.4 43.8 1.12345678987 
-31.8 163.8 1.12345678987 
102.6 22.2 1.12345678987 
-63.0 -95.4 1.12345678987 
150.6 160.2 1.12345678987 
-57.0 53.4 1.12345678987 
7.8 -163.8 1.12345678987 
-90.6 -175.8 1.12345678987 
124.2 -41.4 1.12345678987 
115.8 -70.2 1.12345678987 
-79.8 54.6 1.12345678987 
133.8 -172.2 1.12345678987 
-166.2 135.0 1.12345678987 
61.8 -25.8 1.12345678987 
-79.8 22.2 1.12345678987 
-77.4 -145.8 1.12345678987 
-114.6 7.8 1.12345678987 
17.4 175.8 1.12345678987 
137.4 -129.0 1.12345678987 
-76.2 -69.0 1.12345678987 
136.2 111.0 1.12345678987 
37.8 1.8 1.12345678987 
6.6 114.6 1.12345678987 
166.2 -179.4 1.12345678987 
-71.4 -1.8 1.12345678987 
-12.6 99.0 1.12345678987 
-25.8 159.0 1.12345678987 
27.0 23.4 1.12345678987 
174.6 137.4 1.12345678987 
-47.4 -21.0 1.12345678987 
161.4 -0.6 1.12345678987 
-33.0 125.4 1.12345678987 
-61.8 -59.4 1.12345678987 
-73.8 -97.8 1.12345678987 
-169.8 -33.0 1.12345678987 
-18.6 -99.0 1.12345678987 
127.8 -1.8 1.12345678987 
76.2 79.8 1.12345678987 
12.6 54.6 1.12345678987 
-3.0 -161.4 1.12345678987 
99.0 -96.6 1.12345678987 
16.2 113.4 1.12345678987 
95.4 -136.2 1.12345678987 
108.6 -174.6 1.12345678987 
42.6 149.4 1.12345678987 
48.6 -120.6 1.12345678987 
-101.4 -59.4 1.12345678987 
22.2 161.4 1.12345678987 
119.4 123.0 1.12345678987 
-178.2 -163.8 1.12345678987 
88.2 -105.0 1.12345678987 
42.6 96.6 1.12345678987 
28.2 -73.8 1.12345678987 
99.0 169.8 1.12345678987 
139.8 61.8 1.12345678987 
45.0 -77.4 1.12345678987 
-149.4 -28.2 1.12345678987 
-13.8 -162.6 1.12345678987 
4.2 -48.6 1.12345678987 
-78.6 -149.4 1.12345678987 
-60.6 11.4 1.12345678987 
-35.4 131.4 1.12345678987 
108.6 115.8 1.12345678987 
178.2 106.2 1.12345678987 
-113.4 99.0 1.12345678987 
21.0 75.0 1.12345678987 
-42.6 -159.0 1.12345678987 
-72.6 -149.4 1.12345678987 
-179.4 -35.4 1.12345678987 
-29.4 172.2 1.12345678987 
-54.6 -126.6 1.12345678987 
-57.0 -155.4 1.12345678987 
-90.6 -45.0 1.12345678987 
-99.0 49.8 1.12345678987 
-73.8 111.0 1.12345678987 
61.8 -178.2 1.12345678987 
174.6 23.4 1.12345678987 
144.6 172.2 1.12345678987 
-25.8 11.4 1.12345678987 
157.8 102.6 1.12345678987 
87.0 155.4 1.12345678987 
9.0 -51.0 1.12345678987 
-111.0 178.2 1.12345678987 
-25.8 97.8 1.12345678987 
-25.8 155.4 1.12345678987 
-29.4 -131.4 1.12345678987 
-10.2 -84.6 1.12345678987 
159.0 114.6 1.12345678987 
61.8 117.0 1.12345678987 
163.8 -81.0 1.12345678987 
51.0 -102.6 1.12345678987 
-18.6 147.0 1.12345678987 
48.6 -142.2 1.12345678987 
36.6 53.4 1.12345678987 
-87.0 -27.0 1.12345678987 
142.2 -85.8 1.12345678987 
22.2 100.2 1.12345678987 
124.2 -87.0 1.12345678987 
-46.2 -157.8 1.12345678987 
169.8 -112.2 1.12345678987 
172.2 -118.2 1.12345678987 
-157.8 -15.0 1.12345678987 
118.2 81.0 1.12345678987 
30.6 118.2 1.12345678987 
-28.2 -0.6 1.12345678987 
115.8 -85.8 1.12345678987 
126.6 -113.4 1.12345678987 
173.4 -168.6 1.12345678987 
47.4 -135.0 1.12345678987 
