139.8 -65.4 4.67986663802 
-24.6 10.2 5.70389109177 
-150.6 -165.0 3.4627816782 
1.8 -127.8 6.31301935787 
-169.8 -97.8 6.93457010295 
61.8 -85.8 6.31301935787 
99.0 -89.4 6.83458586404 
1.8 -73.8 5.66042910476 
-66.6 -25.8 6.84717499135 
95.4 -167.4 5.91113886672 
160.2 130.2 5.71131510985 
-99.0 11.4 5.18831374282 
-93.0 -124.2 5.91113886672 
75.0 -72.6 6.31301935787 
84.6 -37.8 5.18831374282 
-90.6 31.8 6.83046929785 
-76.2 3.0 6.35416922538 
-99.0 47.4 5.70389109177 
-63.0 -131.4 3.39220060392 
99.0 75.0 6.34923153052 
-137.4 -69.0 6.82235140762 
161.4 35.4 6.33372806513 
113.4 135.0 5.5562226595 
-168.6 12.6 5.65165518045 
-67.8 111.0 4.55461977713 
-69.0 40.2 7.32456406037 
-51.0 83.4 4.67986663802 
108.6 18.6 4.66690166086 
-175.8 135.0 4.73598258 
142.2 47.4 5.91113886672 
-53.4 41.4 5.14484804904 
-10.2 -125.4 5.15531348271 
126.6 111.0 5.66042910476 
24.6 126.6 5.91820072121 
-179.4 -83.4 4.73914420372 
175.8 124.2 6.91625591049 
67.8 -73.8 5.17703273241 
-73.8 166.2 4.64207807713 
-177.0 10.2 5.77577309908 
-59.4 -35.4 5.12464466295 
79.8 -162.6 4.55461977713 
-179.4 -121.8 4.73914420372 
-18.6 148.2 5.5377392538 
114.6 178.2 4.66856312943 
71.4 -18.6 4.73598258 
87.0 149.4 6.83874182381 
114.6 -45.0 5.69659185303 
3.0 87.0 6.30158989609 
137.4 173.4 6.36476229887 
96.6 -52.2 5.15531348271 
-82.2 -143.4 5.16603734811 
-131.4 -154.2 5.69659185303 
-131.4 -58.2 4.67986663802 
-148.2 -89.4 6.28499063427 
-133.8 -154.2 3.39220060392 
87.0 142.2 4.73598258 
-142.2 -89.4 7.12232070386 
-137.4 -67.8 6.98631075475 
-43.8 -105.0 4.35210267684 
-9.0 -1.8 5.19989561537 
-139.8 -154.2 5.12464466295 
-39.0 -115.8 5.66042910476 
109.8 -119.4 4.69323059958 
112.2 49.8 5.5377392538 
-85.8 1.8 5.6102624953 
-125.4 -82.2 5.14484804904 
-135.0 60.6 5.70389109177 
-124.2 -87.0 6.35416922538 
115.8 96.6 5.89061719958 
39.0 157.8 5.6102624953 
174.6 -131.4 6.76034264215 
145.8 161.4 7.10487681358 
-34.2 69.0 5.5377392538 
-11.4 63.0 6.33874886651 
-13.8 34.2 5.54688263324 
67.8 45.0 5.60243715778 
-60.6 130.2 7.11177052153 
-147.0 169.8 6.96750719093 
58.2 -71.4 7.14502856584 
22.2 -100.2 5.71886824774 
-94.2 -171.0 7.12589516422 
149.4 -73.8 6.73290439381 
-30.6 -175.8 6.91129249096 
178.2 142.2 4.66856312943 
154.2 -129.0 6.97869135788 
65.4 162.6 6.30726702898 
76.2 149.4 5.12464466295 
-77.4 7.8 5.71131510985 
118.2 -87.0 5.12464466295 
-42.6 -17.4 5.5562226595 
100.2 161.4 6.54188761884 
35.4 -54.6 5.70389109177 
1.8 -114.6 6.30726702898 
160.2 59.4 5.70389109177 
-174.6 173.4 3.39220060392 
89.4 172.2 5.15531348271 
-51.0 65.4 5.64305500869 
-112.2 -150.6 3.43795809448 
-60.6 61.8 6.34298258125 
-55.8 177.0 4.67986663802 
