33 1578994.3568803463 
59 29836172.08941652 
17 49343.57365251027 
75 154198667.66409457 
111 954757506.8613312 
75 154198667.66409457 
105 717422780.9846469 
49 22419461.90577022 
102 717422780.9846451 
62 50527819.42016926 
58 29836172.089417193 
38 5862695.51749161 
62 50527819.420169935 
75 154198667.66409457 
38 5862695.517491598 
106 717422780.9846506 
83 187606256.5597337 
59 29836172.08941631 
20 49343.573652512634 
69 154198667.66409296 
108 717422780.9846469 
87 187606256.55973476 
46 16556955.867601864 
50 22419461.905769575 
26 932380.3777942504 
138 2913688680.6070576 
33 1578994.3568803372 
34 1578994.3568803372 
29 1578994.356880291 
62 50527819.42016901 
42 5862695.517491682 
41 5862695.517491718 
49 22419461.905770097 
61 50527819.420169935 
17 932380.3777942872 
87 717422780.9846351 
39 5862695.517491657 
36 1578994.356880422 
50 29836172.08941631 
44 5862695.517491682 
26 932380.3777942504 
17 932380.3777942872 
48 16556955.867601864 
20 932380.3777942504 
29 1578994.356880304 
104 717422780.9846469 
60 29836172.089416884 
77 154198667.66409457 
81 187606256.55973285 
41 5862695.517491657 
40 5862695.517491657 
60 29836172.08941777 
33 1578994.356880328 
80 154198667.66410026 
20 49343.573652512634 
29 1578994.356880291 
122 1616890221.4454272 
113 1094937167.867505 
23 517404.8708625581 
37 5862695.51749167 
44 5862695.517491971 
49 22419461.90577026 
32 1578994.3568803093 
48 16556955.867601618 
55 22419461.90577034 
42 5862695.517491706 
59 29836172.08941631 
83 187606256.55973396 
65 50527819.420170516 
55 22419461.905770864 
92 529822587.7632283 
127 1616890221.4454935 
48 16556955.867601618 
86 187606256.55973396 
47 16556955.867601495 
56 22419461.90577026 
125 1616890221.4454558 
118 1094937167.8675077 
131 1829362875.8859272 
57 29836172.089416154 
121 1616890221.4454272 
98 529822587.7632366 
88 717422780.9846469 
20 932380.3777942504 
115 1094937167.867505 
76 154198667.66409457 
44 5862695.517491814 
58 29836172.089416258 
44 5862695.517491814 
46 16556955.867601436 
93 323869885.24131703 
59 29836172.08941657 
76 154198667.66409457 
59 29836172.089417454 
20 49343.573652512634 
41 5862695.517491657 
51 22419461.90577026 
18 49343.57365251141 
70 154198667.66409433 
33 1578994.3568803184 
