88.2 -173.4 -6.97289697647 
119.4 -143.4 -8.05869748756 
97.8 -22.2 -3.74169877139 
69.0 -117.0 -8.30164042323 
47.4 -79.8 -9.18550931332 
-178.2 -126.6 -9.14619672364 
-113.4 -162.6 -7.23033021606 
133.8 57.0 -3.01404252391 
-9.0 149.4 -5.63579820336 
82.2 178.2 -6.69176320346 
145.8 -157.8 -9.02130805488 
-41.4 -97.8 -7.63534887621 
136.2 40.2 -2.16261796609 
67.8 114.6 -2.91325364016 
-27.0 173.4 -7.08053276233 
-153.0 29.4 -4.53433709295 
-13.8 -94.2 -8.22949920822 
-168.6 -151.8 -9.18002652946 
-109.8 139.8 -6.33307259879 
-69.0 -54.6 -6.20121128906 
-132.6 -51.0 -3.06116116179 
-78.6 -174.6 -7.66652119525 
173.4 88.2 -5.52307824291 
117.0 -143.4 -7.98698780151 
-87.0 169.8 -7.35127237558 
45.0 77.4 -4.343721885 
77.4 84.6 -2.84316243344 
-36.6 124.2 -6.42807114443 
9.0 179.4 -6.06275091565 
125.4 115.8 -3.78571310972 
-150.6 -34.2 -1.48269977948 
-119.4 -157.8 -7.27468300022 
81.0 -12.6 -3.54781745314 
16.2 -126.6 -7.61742746983 
-114.6 -72.6 -5.21654132511 
54.6 60.6 -4.73636468253 
111.0 -31.8 -4.5173972003 
118.2 -137.4 -8.04584349162 
25.8 -108.6 -8.22367256492 
-75.0 39.0 -7.31163343662 
31.8 138.6 -4.05988173463 
-43.8 -139.8 -7.47002356032 
-96.6 35.4 -6.30507734935 
-4.2 64.2 -6.95262528538 
-138.6 -42.6 -2.09263896211 
49.8 105.0 -2.93458902801 
83.4 -64.2 -8.08964211242 
-15.0 148.2 -5.94123870191 
24.6 48.6 -6.21013049013 
121.8 -89.4 -8.42872110934 